0 0.14120126448893572 0.4222846441947566 0.052687038988408846 0.09925093632958802
0 0.18545837723919914 0.3782771535580524 0.046364594309799785 0.1198501872659176
0 0.3287671232876712 0.1956928838951311 0.018967334035827184 0.04307116104868914
0 0.41043203371970494 0.23782771535580524 0.020021074815595362 0.04868913857677903
0 0.38514225500526866 0.19382022471910113 0.020021074815595362 0.031835205992509365
0 0.4020021074815595 0.15543071161048688 0.020021074815595362 0.03745318352059925
0 0.4204425711275026 0.21816479400749064 0.01685985247629083 0.03932584269662921
0 0.43256059009483666 0.16760299625468164 0.01791359325605901 0.03558052434456929
0 0.45626975763962063 0.22378277153558052 0.02107481559536354 0.031835205992509365
0 0.47734457323498414 0.15543071161048688 0.018967334035827184 0.0299625468164794
0 0.452581664910432 0.16853932584269662 0.015806111696522653 0.026217228464419477
0 0.5216016859852476 0.18445692883895132 0.02107481559536354 0.03932584269662921
0 0.5426765015806111 0.18820224719101125 0.01685985247629083 0.04307116104868914
0 0.5821917808219178 0.11891385767790262 0.015806111696522653 0.028089887640449437
0 0.6638566912539515 0.05149812734082397 0.014752370916754477 0.028089887640449437
0 0.720231822971549 0.09550561797752809 0.0136986301369863 0.033707865168539325
0 0.6069546891464699 0.23782771535580524 0.02107481559536354 0.04119850187265918
0 0.613277133825079 0.29775280898876405 0.029504741833508954 0.07116104868913858
0 0.643308746048472 0.24438202247191013 0.02423603793466807 0.054307116104868915
0 0.6770284510010537 0.1797752808988764 0.01791359325605901 0.04119850187265918
0 0.7112750263435195 0.1947565543071161 0.018967334035827184 0.0299625468164794
0 0.7239199157007375 0.15917602996254682 0.01685985247629083 0.033707865168539325
0 0.7123287671232876 0.28464419475655434 0.029504741833508954 0.052434456928838954
0 0.7639620653319283 0.19382022471910113 0.014752370916754477 0.03558052434456929
0 0.7550052687038988 0.17322097378277154 0.01791359325605901 0.03558052434456929
0 0.7834562697576396 0.1451310861423221 0.01791359325605901 0.03558052434456929
0 0.78609062170706 0.1853932584269663 0.014752370916754477 0.04868913857677903
0 0.8113804004214963 0.20411985018726592 0.018967334035827184 0.03745318352059925
0 0.8150684931506849 0.15636704119850187 0.01791359325605901 0.03558052434456929
0 0.833508956796628 0.25 0.023182297154899893 0.04681647940074907
0 0.8793466807165436 0.2808988764044944 0.02845100105374078 0.056179775280898875
0 0.8998946259220231 0.19943820224719103 0.01685985247629083 0.04681647940074907
0 0.9336143308746048 0.2649812734082397 0.018967334035827184 0.04307116104868914
0 0.9441517386722865 0.22846441947565543 0.01685985247629083 0.03745318352059925
0 0.9567966280295047 0.19850187265917604 0.018967334035827184 0.0449438202247191