0 0.23130193905817173 0.23824959481361424 0.023084025854108955 0.04538087520259319
0 0.25761772853185594 0.2171799027552674 0.020313942751615882 0.0486223662884927
0 0.2756232686980609 0.20826580226904376 0.02123730378578024 0.04700162074554295
0 0.29778393351800553 0.25040518638573744 0.026777469990766387 0.050243111831442464
0 0.31809787626962144 0.21231766612641814 0.02493074792243767 0.04538087520259319
0 0.34718374884579867 0.20664505672609398 0.020313942751615882 0.050243111831442464
0 0.3564173591874423 0.18557536466774716 0.0221606648199446 0.04376012965964343
0 0.3684210526315789 0.20826580226904376 0.0221606648199446 0.050243111831442464
0 0.4039704524469067 0.17017828200972446 0.026777469990766387 0.04538087520259319
0 0.4455216989843028 0.20016207455429497 0.028624192059095104 0.05348460291734197
0 0.5498614958448753 0.20178282009724471 0.028624192059095104 0.06645056726094004
0 0.5992613111726685 0.24554294975688815 0.02585410895660203 0.05348460291734197
0 0.6149584487534626 0.23419773095623986 0.0221606648199446 0.05348460291734197
0 0.6403508771929824 0.23338735818476497 0.02493074792243767 0.05186385737439222
0 0.6343490304709141 0.21231766612641814 0.024007386888273315 0.04538087520259319