1 0.09375 0.41541353383458646 0.0325 0.05639097744360902
1 0.11375 0.42105263157894735 0.0225 0.05263157894736842
1 0.16375 0.4172932330827067 0.0325 0.05263157894736842
1 0.18625 0.41165413533834583 0.0225 0.04887218045112782
1 0.23875000000000002 0.4041353383458646 0.0325 0.05639097744360902
1 0.30125 0.41353383458646614 0.0275 0.05263157894736842
1 0.38 0.4041353383458646 0.03 0.05639097744360902
1 0.40125 0.424812030075188 0.0225 0.045112781954887216
1 0.43625 0.40789473684210525 0.0325 0.06390977443609022
1 0.47875 0.4323308270676691 0.0275 0.045112781954887216
1 0.54625 0.41165413533834583 0.0325 0.05639097744360902
1 0.6 0.42857142857142855 0.03 0.05263157894736842
1 0.63125 0.42293233082706766 0.0225 0.05639097744360902
1 0.65 0.42857142857142855 0.03 0.06766917293233082
1 0.70875 0.42105263157894735 0.0425 0.09022556390977443
1 0.75 0.41917293233082703 0.035 0.07142857142857142
1 0.785 0.43796992481203006 0.035 0.07142857142857142
1 0.82125 0.44548872180451127 0.0625 0.10902255639097744
1 0.9375 0.42857142857142855 0.06 0.10526315789473684
1 0.98375 0.43796992481203006 0.0275 0.15413533834586465
0 0.3375 0.4172932330827067 0.035 0.06015037593984962
0 0.87875 0.45112781954887216 0.0725 0.12030075187969924
0 0.5125 0.43045112781954886 0.025 0.041353383458646614