1 0.09444444444444444 0.195 0.16666666666666666 0.29000000000000004
1 0.14666666666666667 0.37000000000000005 0.06666666666666667 0.13333333333333333
1 0.35777777777777775 0.34 0.057777777777777775 0.08
1 0.40444444444444444 0.42833333333333334 0.08444444444444445 0.15000000000000002
1 0.3388888888888889 0.4766666666666667 0.10444444444444445 0.18666666666666668
1 0.4766666666666667 0.42333333333333334 0.05555555555555555 0.08666666666666667
1 0.5311111111111111 0.3866666666666667 0.06222222222222222 0.10666666666666667
1 0.5744444444444444 0.35333333333333333 0.028888888888888888 0.06666666666666667
1 0.6188888888888889 0.38333333333333336 0.051111111111111114 0.08666666666666667
1 0.6433333333333333 0.35000000000000003 0.042222222222222223 0.07333333333333333
1 0.7411111111111112 0.3766666666666667 0.042222222222222223 0.08666666666666667