1 0.24206349206349204 0.39203042328042326 0.0248015873015873 0.04927248677248677
1 0.2805059523809524 0.3976521164021164 0.025793650793650792 0.04927248677248677
1 0.3315972222222222 0.4032738095238095 0.025793650793650792 0.043320105820105814
1 0.384672619047619 0.4045965608465608 0.022817460317460316 0.04067460317460317
1 0.4298115079365079 0.39847883597883593 0.023809523809523808 0.04034391534391534
1 0.4769345238095238 0.40492724867724866 0.025297619047619048 0.04133597883597884
1 0.5208333333333333 0.3948412698412698 0.023809523809523808 0.046296296296296294
1 0.5691964285714285 0.38541666666666663 0.025297619047619048 0.04398148148148148
1 0.6272321428571428 0.39649470899470896 0.0248015873015873 0.04431216931216931
1 0.6817956349206349 0.4072420634920635 0.025793650793650792 0.04596560846560846
1 0.6496775793650793 0.5074404761904762 0.027529761904761904 0.04662698412698413
1 0.5999503968253967 0.5115740740740741 0.026289682539682536 0.047619047619047616
1 0.554563492063492 0.5099206349206349 0.026289682539682536 0.04431216931216931
1 0.5081845238095238 0.49983465608465605 0.027777777777777776 0.048611111111111105
1 0.45200892857142855 0.5147156084656085 0.02802579365079365 0.048611111111111105
1 0.38616071428571425 0.5163690476190476 0.025793650793650792 0.04927248677248677
1 0.3363095238095238 0.5130621693121693 0.027281746031746032 0.04794973544973545
1 0.27331349206349204 0.5004960317460317 0.025793650793650792 0.04728835978835978
0 0.07328869047619047 0.3784722222222222 0.03695436507936508 0.04794973544973545
0 0.9088541666666666 0.40476190476190477 0.034474206349206345 0.046957671957671955