1 0.02764423076923077 0.2980769230769231 0.05528846153846154 0.0625
1 0.1983173076923077 0.44230769230769235 0.06490384615384616 0.07692307692307693
1 0.3894230769230769 0.3894230769230769 0.0625 0.08173076923076923
1 0.21514423076923078 0.3233173076923077 0.05048076923076923 0.06971153846153846
1 0.19230769230769232 0.19951923076923078 0.04326923076923077 0.05288461538461539
1 0.3401442307692308 0.21033653846153846 0.040865384615384616 0.05528846153846154
1 0.40384615384615385 0.2512019230769231 0.04326923076923077 0.06009615384615385
1 0.733173076923077 0.33293269230769235 0.07692307692307693 0.09855769230769232
1 0.8161057692307693 0.38822115384615385 0.0889423076923077 0.11298076923076923
1 0.40024038461538464 0.08173076923076923 0.05048076923076923 0.0625
1 0.02764423076923077 0.03125 0.05528846153846154 0.0625
1 0.6370192307692308 0.4951923076923077 0.0625 0.07692307692307693