0 0.4050480769230769 0.5698795180722892 0.026442307692307696 0.026506024096385545
0 0.6262019230769231 0.5084337349397591 0.03605769230769231 0.03855421686746988
1 0.7716346153846154 0.48674698795180726 0.038461538461538464 0.03855421686746988
1 0.8798076923076924 0.46987951807228917 0.028846153846153848 0.033734939759036145
1 0.8100961538461539 0.6168674698795181 0.04326923076923077 0.04819277108433735
1 0.5588942307692308 0.527710843373494 0.040865384615384616 0.04337349397590362
1 0.45793269230769235 0.5337349397590362 0.040865384615384616 0.045783132530120486
1 0.3653846153846154 0.572289156626506 0.03365384615384616 0.03614457831325302
1 0.23317307692307693 0.5481927710843374 0.02403846153846154 0.03614457831325302
1 0.12259615384615385 0.6012048192771084 0.038461538461538464 0.045783132530120486
1 0.17307692307692307 0.5710843373493977 0.03365384615384616 0.033734939759036145
1 0.06610576923076923 0.5481927710843374 0.03605769230769231 0.03132530120481928
1 0.01201923076923077 0.5469879518072289 0.02403846153846154 0.033734939759036145
1 0.14783653846153846 0.53855421686747 0.026442307692307696 0.03132530120481928
1 0.5240384615384616 0.5240963855421688 0.028846153846153848 0.04096385542168675
1 0.6887019230769231 0.5108433734939759 0.03605769230769231 0.04337349397590362