1 0.5720000000000001 0.7333333333333334 0.02 0.042105263157894736
1 0.501 0.7315789473684211 0.018000000000000002 0.03859649122807018
1 0.485 0.7192982456140351 0.022 0.042105263157894736
1 0.47000000000000003 0.712280701754386 0.016 0.042105263157894736
1 0.424 0.7350877192982457 0.02 0.03859649122807018
1 0.378 0.7298245614035088 0.02 0.042105263157894736
1 0.31 0.7280701754385965 0.02 0.0456140350877193
1 0.28300000000000003 0.7315789473684211 0.022 0.0456140350877193
1 0.846 0.7543859649122807 0.012 0.021052631578947368
1 0.891 0.7456140350877193 0.01 0.017543859649122806
1 0.8260000000000001 0.7578947368421053 0.008 0.021052631578947368
1 0.778 0.7368421052631579 0.012 0.021052631578947368
1 0.768 0.7298245614035088 0.012 0.021052631578947368