1 0.02403846153846154 0.5228365384615384 0.028846153846153848 0.03605769230769231
1 0.16947115384615385 0.5396634615384616 0.03125 0.040865384615384616
0 0.24278846153846156 0.5252403846153847 0.04807692307692308 0.05048076923076923
0 0.3269230769230769 0.530048076923077 0.014423076923076924 0.03125
0 0.3028846153846154 0.5204326923076923 0.04326923076923077 0.05528846153846154
0 0.4134615384615385 0.530048076923077 0.04807692307692308 0.05048076923076923
0 0.5012019230769231 0.5384615384615385 0.05048076923076923 0.04807692307692308
0 0.6346153846153847 0.5252403846153847 0.04807692307692308 0.05048076923076923
0 0.6887019230769231 0.5600961538461539 0.021634615384615384 0.03365384615384616
1 0.7427884615384616 0.5168269230769231 0.057692307692307696 0.08173076923076923
0 0.8629807692307693 0.5204326923076923 0.04326923076923077 0.05048076923076923
0 0.90625 0.5276442307692308 0.04807692307692308 0.06009615384615385
1 0.025240384615384616 0.9639423076923077 0.026442307692307696 0.038461538461538464
1 0.16947115384615385 0.9459134615384616 0.03605769230769231 0.05048076923076923
0 0.24158653846153846 0.9567307692307693 0.05048076923076923 0.0625
0 0.3269230769230769 0.9579326923076924 0.014423076923076924 0.03605769230769231
0 0.30649038461538464 0.9651442307692308 0.04567307692307693 0.05048076923076923
0 0.4122596153846154 0.953125 0.04567307692307693 0.05528846153846154
0 0.4987980769230769 0.9447115384615385 0.05048076923076923 0.05288461538461539
0 0.6358173076923077 0.9591346153846154 0.05048076923076923 0.05288461538461539
0 0.6838942307692308 0.9266826923076924 0.03125 0.03605769230769231
0 0.7391826923076924 0.984375 0.05528846153846154 0.026442307692307696
1 0.7439903846153847 0.9651442307692308 0.06009615384615385 0.06490384615384616
0 0.8629807692307693 0.9615384615384616 0.04807692307692308 0.05288461538461539
0 0.90625 0.9543269230769231 0.05288461538461539 0.0625