1 0.465 0.5726643598615917 0.054 0.12110726643598617
1 0.374 0.5311418685121108 0.04 0.0726643598615917
1 0.358 0.6055363321799309 0.06 0.12456747404844291
1 0.325 0.5986159169550174 0.046 0.11764705882352941
1 0.258 0.527681660899654 0.04 0.10034602076124567
1 0.182 0.643598615916955 0.112 0.1522491349480969
1 0.181 0.8044982698961938 0.162 0.2110726643598616
1 0.558 0.610726643598616 0.07200000000000001 0.13494809688581316
1 0.587 0.5467128027681661 0.05 0.08304498269896193
1 0.56 0.5190311418685122 0.036000000000000004 0.06920415224913495
1 0.632 0.6072664359861591 0.064 0.12110726643598617
1 0.682 0.5121107266435986 0.044 0.07612456747404844
1 0.708 0.5640138408304498 0.052000000000000005 0.09688581314878893
1 0.794 0.5155709342560554 0.04 0.08304498269896193
1 0.896 0.5294117647058824 0.044 0.07612456747404844
1 0.908 0.610726643598616 0.076 0.10726643598615918
1 0.9460000000000001 0.5467128027681661 0.052000000000000005 0.08304498269896193
0 0.843 0.5899653979238755 0.066 0.10726643598615918
0 0.839 0.5346020761245674 0.054 0.058823529411764705
0 0.984 0.5363321799307958 0.028 0.06920415224913495
0 0.537 0.2993079584775087 0.026000000000000002 0.058823529411764705
0 0.437 0.583044982698962 0.026000000000000002 0.08650519031141869