1 0.72578125 0.4581632653061225 0.09843750000000001 0.14489795918367349
1 0.5734375 0.44897959183673475 0.043750000000000004 0.06938775510204082
1 0.5164062500000001 0.48061224489795923 0.051562500000000004 0.0836734693877551
1 0.62109375 0.7081632653061225 0.1078125 0.1346938775510204
1 0.41953125 0.4459183673469388 0.0671875 0.10408163265306124
1 0.4578125 0.46632653061224494 0.021875000000000002 0.03877551020408164
1 0.48984375 0.45204081632653065 0.026562500000000003 0.04285714285714286
1 0.325 0.4571428571428572 0.043750000000000004 0.05714285714285715
1 0.1296875 0.3591836734693878 0.096875 0.12244897959183675
1 0.17578125 0.4744897959183674 0.0203125 0.03877551020408164
1 0.6796875 0.4459183673469388 0.028125 0.0673469387755102