0 0.6983173076923077 0.33614457831325306 0.01682692307692308 0.026506024096385545
0 0.6742788461538461 0.32650602409638557 0.021634615384615384 0.026506024096385545
0 0.59375 0.31807228915662655 0.04326923076923077 0.05301204819277109
0 0.5348557692307693 0.31204819277108437 0.026442307692307696 0.03132530120481928
0 0.4807692307692308 0.3204819277108434 0.03365384615384616 0.04337349397590362
0 0.4447115384615385 0.31204819277108437 0.038461538461538464 0.03614457831325302
0 0.38341346153846156 0.3240963855421687 0.026442307692307696 0.03614457831325302
0 0.3473557692307693 0.327710843373494 0.03125 0.028915662650602414
0 0.3028846153846154 0.30722891566265065 0.04807692307692308 0.06987951807228916
0 0.22836538461538464 0.30120481927710846 0.0625 0.07228915662650603
0 0.2295673076923077 0.030120481927710847 0.06490384615384616 0.06024096385542169
0 0.3004807692307693 0.024096385542168676 0.05288461538461539 0.04819277108433735
0 0.5408653846153847 0.01807228915662651 0.03365384615384616 0.03614457831325302
0 0.16947115384615385 0.29156626506024097 0.03125 0.0819277108433735
0 0.13701923076923078 0.31084337349397595 0.04326923076923077 0.10120481927710845
0 0.09134615384615385 0.29397590361445786 0.04326923076923077 0.12530120481927712
0 0.038461538461538464 0.28433734939759037 0.07692307692307693 0.21204819277108436
0 0.03485576923076923 0.08072289156626507 0.06971153846153846 0.16144578313253014
0 0.10096153846153846 0.04457831325301205 0.03365384615384616 0.0891566265060241
0 0.14182692307692307 0.03975903614457832 0.03365384615384616 0.07951807228915664
0 0.17307692307692307 0.04337349397590362 0.038461538461538464 0.0819277108433735
0 0.3810096153846154 0.013253012048192772 0.03125 0.026506024096385545