1 0.07932692307692309 0.4399038461538462 0.1201923076923077 0.14903846153846154
1 0.10336538461538462 0.33293269230769235 0.08173076923076923 0.10336538461538462
1 0.20552884615384617 0.453125 0.12259615384615385 0.17548076923076925
1 0.27043269230769235 0.3317307692307693 0.06490384615384616 0.10096153846153846
1 0.2403846153846154 0.2716346153846154 0.04807692307692308 0.057692307692307696
1 0.3473557692307693 0.25 0.040865384615384616 0.05288461538461539
1 0.3401442307692308 0.36778846153846156 0.0889423076923077 0.125
1 0.4026442307692308 0.2800480769230769 0.06490384615384616 0.09375
1 0.47836538461538464 0.3605769230769231 0.10096153846153846 0.16826923076923078
1 0.561298076923077 0.33052884615384615 0.06009615384615385 0.09375
1 0.5625 0.2451923076923077 0.04807692307692308 0.057692307692307696
1 0.6310096153846154 0.2620192307692308 0.06490384615384616 0.07692307692307693
1 0.6358173076923077 0.36899038461538464 0.08413461538461539 0.13221153846153846
1 0.701923076923077 0.3269230769230769 0.06730769230769232 0.11057692307692309
1 0.7127403846153847 0.23798076923076925 0.05528846153846154 0.057692307692307696
1 0.7728365384615385 0.3088942307692308 0.06490384615384616 0.09855769230769232
1 0.8197115384615385 0.4098557692307693 0.11538461538461539 0.14182692307692307
1 0.9074519230769231 0.27884615384615385 0.0889423076923077 0.09615384615384616
1 0.9735576923076924 0.3894230769230769 0.04807692307692308 0.15865384615384617
1 0.09975961538461539 0.04807692307692308 0.09375 0.09615384615384616
1 0.24278846153846156 0.09975961538461539 0.04807692307692308 0.06490384615384616
1 0.27524038461538464 0.04567307692307693 0.06971153846153846 0.09134615384615385
1 0.35216346153846156 0.125 0.040865384615384616 0.0625
1 0.40384615384615385 0.09375 0.06730769230769232 0.09134615384615385
1 0.5661057692307693 0.125 0.06009615384615385 0.07692307692307693
1 0.514423076923077 0.10336538461538462 0.04807692307692308 0.07692307692307693
1 0.5649038461538461 0.04326923076923077 0.06730769230769232 0.08653846153846154
1 0.6322115384615385 0.11298076923076923 0.06730769230769232 0.08173076923076923
1 0.7115384615384616 0.13341346153846154 0.05288461538461539 0.05528846153846154
1 0.7007211538461539 0.05288461538461539 0.07451923076923077 0.10576923076923078
1 0.7692307692307693 0.057692307692307696 0.06730769230769232 0.11057692307692309
1 0.9086538461538463 0.09134615384615385 0.08653846153846154 0.10096153846153846