1 0.5145454545454545 0.23368146214099217 0.06545454545454546 0.1174934725848564
1 0.3209090909090909 0.293733681462141 0.06727272727272728 0.1174934725848564
1 0.2909090909090909 0.07702349869451697 0.025454545454545455 0.04960835509138381
1 0.18181818181818182 0.020887728459530026 0.025454545454545455 0.03655352480417755
1 0.6236363636363637 0.2584856396866841 0.03636363636363636 0.08877284595300261
1 0.6536363636363637 0.2689295039164491 0.02727272727272727 0.05221932114882506
1 0.7536363636363637 0.2689295039164491 0.038181818181818185 0.0783289817232376
1 0.7990909090909091 0.2558746736292428 0.04909090909090909 0.11488250652741515
1 0.8309090909090909 0.28067885117493474 0.014545454545454545 0.028720626631853787
1 0.35545454545454547 0.10182767624020887 0.016363636363636365 0.03133159268929504
1 0.4163636363636364 0.13968668407310705 0.014545454545454545 0.028720626631853787
0 0.8663636363636363 0.2819843342036554 0.02727272727272727 0.04177545691906005