0 0.09375 0.4603365384615385 0.057692307692307696 0.07451923076923077
0 0.17067307692307693 0.4362980769230769 0.04326923076923077 0.06009615384615385
0 0.23918269230769232 0.4026442307692308 0.05048076923076923 0.07451923076923077
0 0.2872596153846154 0.4254807692307693 0.03605769230769231 0.04326923076923077
0 0.3425480769230769 0.4170673076923077 0.026442307692307696 0.04567307692307693
0 0.4483173076923077 0.4254807692307693 0.040865384615384616 0.0625
1 0.5516826923076923 0.4122596153846154 0.01682692307692308 0.03605769230769231
0 0.576923076923077 0.40384615384615385 0.04326923076923077 0.0625
0 0.608173076923077 0.40384615384615385 0.019230769230769232 0.03365384615384616
0 0.671875 0.3870192307692308 0.03125 0.04807692307692308
0 0.703125 0.4098557692307693 0.03605769230769231 0.06490384615384616
0 0.8677884615384616 0.4086538461538462 0.04807692307692308 0.0625
0 0.936298076923077 0.4050480769230769 0.03605769230769231 0.04567307692307693
0 0.8882211538461539 0.36778846153846156 0.01201923076923077 0.014423076923076924
0 0.8545673076923077 0.34375 0.007211538461538462 0.009615384615384616
1 0.9435096153846154 0.3401442307692308 0.007211538461538462 0.01201923076923077