1 0.22126081582200247 0.45454545454545453 0.08405438813349814 0.1711229946524064
1 0.368974042027194 0.624777183600713 0.030902348578491962 0.058823529411764705
1 0.507416563658838 0.6675579322638145 0.05809641532756489 0.11586452762923351
1 0.6131025957972805 0.7245989304812834 0.04944375772558714 0.0873440285204991
1 0.6415327564894932 0.7718360071301247 0.029666254635352284 0.053475935828877004
1 0.6835599505562422 0.7914438502673796 0.02472187886279357 0.049910873440285206
1 0.7243510506798516 0.820855614973262 0.022249690976514212 0.0374331550802139
1 0.7466007416563658 0.8422459893048128 0.0173053152039555 0.0303030303030303
1 0.7645241038318912 0.8377896613190731 0.016069221260815822 0.0320855614973262
1 0.7991347342398022 0.8475935828877005 0.018541409147095178 0.0303030303030303
1 0.8294190358467243 0.8609625668449198 0.014833127317676142 0.024955436720142603