1 0.3125 0.3137019230769231 0.11538461538461539 0.1514423076923077
0 0.109375 0.04447115384615385 0.11778846153846155 0.08413461538461539
0 0.9110576923076924 0.06009615384615385 0.16346153846153846 0.11538461538461539
0 0.9146634615384616 0.2403846153846154 0.16586538461538464 0.2355769230769231
0 0.8233173076923077 0.3088942307692308 0.05528846153846154 0.06971153846153846
1 0.5252403846153847 0.28365384615384615 0.05048076923076923 0.07211538461538462
1 0.6346153846153847 0.2620192307692308 0.057692307692307696 0.10576923076923078
0 0.7211538461538461 0.2848557692307693 0.13461538461538464 0.19951923076923078
1 0.43509615384615385 0.3040865384615385 0.08173076923076923 0.12259615384615385
1 0.17307692307692307 0.2644230769230769 0.06730769230769232 0.13461538461538464
0 0.10817307692307693 0.2355769230769231 0.1201923076923077 0.15384615384615385