0 0.54375 0.0594758064516129 0.017045454545454544 0.026209677419354836
0 0.4693181818181818 0.1622983870967742 0.013636363636363636 0.038306451612903226
0 0.48409090909090907 0.1754032258064516 0.01818181818181818 0.04032258064516129
0 0.4482954545454545 0.23286290322580644 0.02159090909090909 0.034274193548387094
0 0.4125 0.20866935483870966 0.022727272727272728 0.034274193548387094
0 0.5494318181818182 0.1723790322580645 0.017045454545454544 0.034274193548387094
0 0.5625 0.18245967741935484 0.01818181818181818 0.046370967741935484
0 0.6363636363636364 0.1189516129032258 0.01818181818181818 0.028225806451612902
0 0.6744318181818182 0.17137096774193547 0.017045454545454544 0.04435483870967742
0 0.6329545454545454 0.21370967741935484 0.022727272727272728 0.04838709677419355
0 0.6204545454545454 0.2762096774193548 0.022727272727272728 0.04838709677419355
0 0.6380681818181818 0.32661290322580644 0.03295454545454545 0.06451612903225806
0 0.6795454545454546 0.2852822580645161 0.022727272727272728 0.046370967741935484
0 0.6806818181818182 0.2157258064516129 0.020454545454545454 0.05241935483870967
0 0.725 0.21774193548387097 0.020454545454545454 0.06048387096774194
0 0.9397727272727272 0.23891129032258063 0.020454545454545454 0.05443548387096774