1 0.05288461538461539 0.4651442307692308 0.04807692307692308 0.05048076923076923
1 0.0733173076923077 0.4555288461538462 0.03125 0.04567307692307693
1 0.15625 0.4807692307692308 0.04326923076923077 0.04807692307692308
1 0.5348557692307693 0.45072115384615385 0.03125 0.04567307692307693
1 0.6502403846153847 0.4338942307692308 0.03125 0.05048076923076923
1 0.6850961538461539 0.4483173076923077 0.028846153846153848 0.03605769230769231
1 0.7223557692307693 0.4399038461538462 0.026442307692307696 0.038461538461538464
1 0.765625 0.4326923076923077 0.03605769230769231 0.04326923076923077
1 0.8545673076923077 0.44230769230769235 0.03125 0.04807692307692308
1 0.9459134615384616 0.43028846153846156 0.03125 0.04326923076923077
1 0.9867788461538463 0.43149038461538464 0.021634615384615384 0.040865384615384616