0 0.3383891213389121 0.20676691729323307 0.017782426778242676 0.03383458646616541
0 0.47332635983263593 0.2020676691729323 0.02824267782426778 0.06203007518796992
0 0.5486401673640167 0.18984962406015038 0.017782426778242676 0.03383458646616541
0 0.5496861924686192 0.23026315789473684 0.02824267782426778 0.06203007518796992
0 0.5831589958158996 0.22274436090225563 0.021966527196652718 0.05075187969924812
0 0.6171548117154811 0.19924812030075187 0.023012552301255228 0.045112781954887216
0 0.6349372384937237 0.23402255639097744 0.023012552301255228 0.05075187969924812
0 0.6589958158995816 0.20958646616541352 0.02092050209205021 0.046992481203007516
0 0.6976987447698744 0.21146616541353383 0.018828451882845185 0.039473684210526314
0 0.7248953974895397 0.26785714285714285 0.023012552301255228 0.05827067669172932
0 0.8216527196652719 0.29041353383458646 0.02615062761506276 0.05075187969924812
0 0.8708158995815899 0.25845864661654133 0.021966527196652718 0.05827067669172932
0 0.9314853556485355 0.29041353383458646 0.02824267782426778 0.06578947368421052
0 0.9105648535564853 0.3026315789473684 0.024058577405857737 0.06015037593984962
0 0.9032426778242677 0.33364661654135336 0.0303347280334728 0.06578947368421052