0 0.1453846153846154 0.2945205479452055 0.02 0.03561643835616438
0 0.22230769230769232 0.27945205479452057 0.02923076923076923 0.049315068493150684
0 0.26153846153846155 0.2904109589041096 0.027692307692307693 0.0547945205479452
0 0.2969230769230769 0.30547945205479454 0.024615384615384615 0.052054794520547946
0 0.21153846153846154 0.3013698630136986 0.016923076923076923 0.043835616438356165
0 0.3330769230769231 0.3 0.03230769230769231 0.06301369863013699
0 0.37538461538461537 0.29315068493150687 0.027692307692307693 0.07123287671232877
0 0.4176923076923077 0.31232876712328766 0.03230769230769231 0.07123287671232877
0 0.48 0.26575342465753427 0.033846153846153845 0.07123287671232877
0 0.7169230769230769 0.3150684931506849 0.043076923076923075 0.10410958904109589
0 0.8 0.2684931506849315 0.055384615384615386 0.10410958904109589
1 0.58 0.2534246575342466 0.04923076923076923 0.11232876712328767