0 0.17894736842105263 0.47313691507798955 0.04784688995215311 0.08665511265164644
0 0.3440191387559809 0.22790294627383015 0.02200956937799043 0.04679376083188908
0 0.3703349282296651 0.23483535528596186 0.021052631578947368 0.04332755632582322
0 0.42248803827751197 0.19324090121317156 0.01818181818181818 0.03986135181975736
0 0.4291866028708134 0.2547660311958405 0.02583732057416268 0.05545927209705372
0 0.4507177033492823 0.19844020797227035 0.019138755980861243 0.036395147313691506
0 0.4521531100478469 0.158578856152513 0.01818181818181818 0.036395147313691506
0 0.4703349282296651 0.1707105719237435 0.01818181818181818 0.03292894280762565
0 0.49138755980861243 0.1611785095320624 0.016267942583732056 0.02772963604852686
0 0.4674641148325359 0.12218370883882149 0.016267942583732056 0.022530329289428074
0 0.4904306220095694 0.11178509532062392 0.016267942583732056 0.02946273830155979
0 0.5339712918660288 0.10571923743500866 0.01722488038277512 0.031195840554592718
0 0.5688995215311005 0.10658578856152512 0.014354066985645933 0.03292894280762565
0 0.5808612440191387 0.12564991334488734 0.019138755980861243 0.03292894280762565
0 0.5320574162679426 0.20797227036395147 0.028708133971291867 0.062391681109185436
0 0.4856459330143541 0.3050259965337955 0.031578947368421054 0.06932409012131716
0 0.6698564593301436 0.2287694974003466 0.022966507177033493 0.05199306759098787
0 0.7354066985645933 0.2547660311958405 0.02583732057416268 0.05545927209705372
0 0.784688995215311 0.2616984402079723 0.024880382775119617 0.05892547660311958
0 0.8894736842105263 0.18717504332755633 0.01818181818181818 0.04506065857885615
0 0.8200956937799043 0.14644714038128248 0.019138755980861243 0.03986135181975736
0 0.8167464114832537 0.09792027729636048 0.014354066985645933 0.03292894280762565
0 0.7636363636363637 0.08405545927209705 0.01722488038277512 0.03986135181975736
0 0.7497607655502393 0.10138648180242633 0.014354066985645933 0.03292894280762565
0 0.7263157894736842 0.13084922010398614 0.01722488038277512 0.03292894280762565
0 0.7033492822966507 0.11351819757365685 0.021052631578947368 0.05025996533795494
0 0.7181818181818183 0.11525129982668977 0.01818181818181818 0.036395147313691506