1 0.9230769230769231 0.2536057692307692 0.1201923076923077 0.1466346153846154
1 0.7475961538461539 0.25841346153846156 0.16346153846153846 0.18990384615384617
1 0.7524038461538461 0.08533653846153846 0.17307692307692307 0.17067307692307693
1 0.9242788461538463 0.08173076923076923 0.11778846153846155 0.14423076923076925
1 0.5949519230769231 0.23317307692307693 0.06490384615384616 0.08173076923076923
1 0.592548076923077 0.09735576923076923 0.06490384615384616 0.08413461538461539
1 0.4879807692307693 0.2644230769230769 0.08653846153846154 0.11538461538461539
1 0.4831730769230769 0.07091346153846154 0.08653846153846154 0.11778846153846155
1 0.4206730769230769 0.3269230769230769 0.11538461538461539 0.16346153846153846
1 0.3161057692307693 0.2920673076923077 0.03125 0.05048076923076923
1 0.3161057692307693 0.040865384615384616 0.03125 0.04807692307692308
1 0.24879807692307693 0.040865384615384616 0.03605769230769231 0.04326923076923077
1 0.18389423076923078 0.046875 0.05528846153846154 0.06971153846153846
1 0.18149038461538464 0.2884615384615385 0.05528846153846154 0.07211538461538462