1 0.16105769230769232 0.2956730769230769 0.125 0.13461538461538464
1 0.05048076923076923 0.3161057692307693 0.10096153846153846 0.11298076923076923
1 0.4170673076923077 0.3088942307692308 0.07451923076923077 0.09375
1 0.5048076923076923 0.2956730769230769 0.04326923076923077 0.0625
1 0.546875 0.3161057692307693 0.040865384615384616 0.06009615384615385
1 0.5973557692307693 0.3317307692307693 0.05528846153846154 0.06730769230769232
1 0.6634615384615385 0.328125 0.03365384615384616 0.04567307692307693
1 0.6971153846153847 0.3112980769230769 0.04807692307692308 0.06971153846153846
1 0.7836538461538461 0.26802884615384615 0.09134615384615385 0.11298076923076923
1 0.6778846153846154 0.4723557692307693 0.09615384615384616 0.10817307692307693
1 0.8365384615384616 0.4651442307692308 0.12980769230769232 0.12740384615384617
1 0.9014423076923077 0.5396634615384616 0.1875 0.2091346153846154
1 0.9471153846153847 0.2728365384615385 0.10096153846153846 0.11298076923076923
1 0.9471153846153847 0.042067307692307696 0.10096153846153846 0.08413461538461539
1 0.7824519230769231 0.042067307692307696 0.0889423076923077 0.08413461538461539