1 0.47275 0.127 0.0275 0.064
1 0.358 0.523 0.028 0.07200000000000001
1 0.295 0.523 0.028 0.07200000000000001
1 0.41425 0.52 0.0365 0.076
1 0.4505 0.54 0.025 0.076
1 0.47450000000000003 0.54 0.029 0.092
1 0.49625 0.502 0.0245 0.066
1 0.5055000000000001 0.5535 0.022 0.07100000000000001
1 0.54775 0.5835 0.0335 0.085
1 0.56275 0.506 0.0245 0.066
1 0.62225 0.5525 0.0285 0.077
1 0.614 0.504 0.026000000000000002 0.062
1 0.639 0.523 0.024 0.064
1 0.6657500000000001 0.533 0.0265 0.08
1 0.7020000000000001 0.5295 0.025 0.069
1 0.7045 0.493 0.028 0.064
1 0.75125 0.4895 0.0265 0.057
1 0.755 0.5285 0.026000000000000002 0.073
1 0.83475 0.5085000000000001 0.0315 0.069
1 0.81925 0.602 0.035500000000000004 0.084
1 0.725 0.632 0.034 0.092
1 0.43525 0.725 0.029500000000000002 0.088