1 0.7920673076923077 0.4014423076923077 0.08413461538461539 0.10096153846153846
1 0.6670673076923077 0.421875 0.06971153846153846 0.10817307692307693
1 0.5757211538461539 0.38461538461538464 0.05528846153846154 0.08173076923076923
1 0.4915865384615385 0.4098557692307693 0.05528846153846154 0.06971153846153846
1 0.4375 0.4098557692307693 0.04807692307692308 0.06490384615384616
1 0.3509615384615385 0.4074519230769231 0.04807692307692308 0.05048076923076923
1 0.2956730769230769 0.4074519230769231 0.038461538461538464 0.05048076923076923
1 0.2512019230769231 0.4026442307692308 0.03605769230769231 0.05048076923076923
1 0.21153846153846156 0.40625 0.028846153846153848 0.04326923076923077
1 0.17067307692307693 0.4098557692307693 0.038461538461538464 0.040865384615384616
1 0.12379807692307693 0.41947115384615385 0.026442307692307696 0.03605769230769231
1 0.06009615384615385 0.41947115384615385 0.03365384615384616 0.026442307692307696
1 0.20192307692307693 0.4675480769230769 0.057692307692307696 0.05528846153846154