0 0.12371946414499607 0.5353773584905661 0.056737588652482275 0.11163522012578617
0 0.21631205673758866 0.27437106918238996 0.021276595744680854 0.04245283018867925
0 0.24192277383766747 0.28144654088050314 0.028368794326241138 0.05345911949685535
0 0.28881008668242714 0.23270440251572327 0.019700551615445233 0.03773584905660378
0 0.30890464933018125 0.2389937106918239 0.017336485421591805 0.04088050314465409
0 0.3211189913317573 0.2099056603773585 0.019700551615445233 0.04874213836477988
0 0.34357762017336485 0.21776729559748428 0.018912529550827423 0.045597484276729564
0 0.35973207249802996 0.20518867924528303 0.014972419227738377 0.04245283018867925
0 0.37431048069345946 0.19732704402515724 0.017336485421591805 0.04245283018867925
0 0.38219070133963756 0.2539308176100629 0.018912529550827423 0.05188679245283019
0 0.40149724192277386 0.18553459119496857 0.014972419227738377 0.031446540880503145
0 0.4137115839243499 0.2279874213836478 0.015760441292356188 0.03773584905660378
0 0.44168636721828214 0.19025157232704404 0.016548463356973995 0.03459119496855346
0 0.45074862096138696 0.1658805031446541 0.01260835303388495 0.026729559748427674
0 0.44168636721828214 0.30503144654088055 0.02442868400315209 0.050314465408805034
0 0.46375098502758083 0.16509433962264153 0.013396375098502758 0.031446540880503145
0 0.4728132387706856 0.16116352201257864 0.015760441292356188 0.036163522012578615
0 0.48502758077226166 0.1729559748427673 0.019700551615445233 0.04088050314465409
0 0.5059101654846336 0.20676100628930819 0.02206461780929866 0.04245283018867925
0 0.4818754925137904 0.24135220125786164 0.02600472813238771 0.045597484276729564
0 0.558313632781718 0.21462264150943397 0.021276595744680854 0.04245283018867925
0 0.5035460992907802 0.15408805031446543 0.017336485421591805 0.03773584905660378
0 0.5260047281323877 0.169811320754717 0.016548463356973995 0.04716981132075472
0 0.5374310480693459 0.16037735849056606 0.014184397163120569 0.04088050314465409
0 0.5602836879432624 0.14150943396226415 0.017336485421591805 0.03459119496855346
0 0.5665878644602049 0.16037735849056606 0.02206461780929866 0.04088050314465409
0 0.5858944050433412 0.14072327044025157 0.016548463356973995 0.029874213836477988
0 0.5890464933018125 0.1737421383647799 0.018124507486209616 0.04245283018867925
0 0.586682427107959 0.20125786163522014 0.016548463356973995 0.04088050314465409
0 0.6044129235618598 0.2130503144654088 0.018912529550827423 0.04245283018867925
0 0.6044129235618598 0.13128930817610063 0.015760441292356188 0.029874213836477988
0 0.6126871552403468 0.1556603773584906 0.014972419227738377 0.031446540880503145
0 0.6185973207249803 0.17767295597484278 0.018912529550827423 0.03773584905660378
0 0.6382978723404256 0.12971698113207547 0.014184397163120569 0.036163522012578615
0 0.6619385342789599 0.15251572327044027 0.01260835303388495 0.03459119496855346
0 0.6713947990543736 0.14465408805031446 0.01260835303388495 0.031446540880503145
0 0.66548463356974 0.18003144654088052 0.013396375098502758 0.036163522012578615
0 0.6828211189913318 0.18160377358490568 0.014972419227738377 0.0330188679245283
0 0.6966115051221434 0.1391509433962264 0.015760441292356188 0.0330188679245283
0 0.7186761229314421 0.15723270440251574 0.014184397163120569 0.03459119496855346
0 0.5839243498817968 0.32625786163522014 0.0252167060677699 0.04245283018867925
0 0.6170212765957447 0.3506289308176101 0.023640661938534282 0.050314465408805034
0 0.6237194641449961 0.28459119496855345 0.02442868400315209 0.059748427672955975
0 0.6619385342789599 0.39544025157232704 0.028368794326241138 0.07704402515723272
0 0.6678486997635934 0.2429245283018868 0.02600472813238771 0.05188679245283019
0 0.7044917257683215 0.21147798742138366 0.018912529550827423 0.045597484276729564
0 0.7289204097714737 0.2539308176100629 0.020488573680063044 0.039308176100628936
0 0.7470449172576833 0.22169811320754718 0.018912529550827423 0.04088050314465409
0 0.7612293144208039 0.1949685534591195 0.014184397163120569 0.03459119496855346
0 0.7730496453900709 0.18160377358490568 0.014184397163120569 0.0330188679245283
0 0.7828999211977936 0.20440251572327045 0.016548463356973995 0.03773584905660378
0 0.8132387706855793 0.18946540880503146 0.014184397163120569 0.0330188679245283
0 0.7990543735224587 0.2358490566037736 0.015760441292356188 0.03773584905660378
0 0.8199369582348306 0.22169811320754718 0.014972419227738377 0.04088050314465409
0 0.8356973995271868 0.20833333333333334 0.016548463356973995 0.036163522012578615
0 0.8077226162332546 0.294811320754717 0.018912529550827423 0.05817610062893082
0 0.7580772261623326 0.2838050314465409 0.023640661938534282 0.04874213836477988
0 0.7312844759653271 0.38522012578616355 0.026792750197005517 0.06289308176100629
0 0.8029944838455477 0.4308176100628931 0.039401103230890466 0.07547169811320756
0 0.8589440504334122 0.49842767295597484 0.031520882584712376 0.0849056603773585
0 0.8877068557919622 0.3828616352201258 0.02285263987391647 0.06761006289308176
0 0.8628841607565012 0.3317610062893082 0.020488573680063044 0.050314465408805034
0 0.8719464144996061 0.2979559748427673 0.016548463356973995 0.045597484276729564
0 0.8877068557919622 0.2908805031446541 0.018124507486209616 0.04402515723270441
0 0.8676122931442081 0.22877358490566038 0.017336485421591805 0.036163522012578615
0 0.8782505910165486 0.2169811320754717 0.014972419227738377 0.03773584905660378
0 0.9109535066981876 0.2279874213836478 0.01260835303388495 0.04088050314465409
0 0.905437352245863 0.25235849056603776 0.015760441292356188 0.036163522012578615
0 0.9322301024428684 0.2672955974842767 0.014184397163120569 0.03773584905660378
0 0.9475965327029158 0.23977987421383648 0.014972419227738377 0.039308176100628936
0 0.9846335697399528 0.2562893081761006 0.014972419227738377 0.04088050314465409
0 0.9775413711583925 0.300314465408805 0.016548463356973995 0.03459119496855346
0 0.9736012608353034 0.31603773584905664 0.014972419227738377 0.04088050314465409
0 0.9759653270291568 0.3474842767295598 0.019700551615445233 0.04716981132075472
0 0.950354609929078 0.369496855345912 0.020488573680063044 0.06289308176100629
0 0.9271079590228527 0.3176100628930818 0.014972419227738377 0.050314465408805034
0 0.9609929078014185 0.4481132075471698 0.021276595744680854 0.0660377358490566