1 0.6430288461538461 0.02403846153846154 0.07451923076923077 0.04807692307692308
1 0.8954326923076924 0.028846153846153848 0.05528846153846154 0.057692307692307696
1 0.8930288461538463 0.3653846153846154 0.05048076923076923 0.057692307692307696
1 0.8353365384615385 0.42668269230769235 0.04567307692307693 0.05528846153846154
1 0.6430288461538461 0.37259615384615385 0.05528846153846154 0.07211538461538462
1 0.4026442307692308 0.5564903846153847 0.040865384615384616 0.06490384615384616
1 0.5348557692307693 0.4375 0.01682692307692308 0.04326923076923077
1 0.5108173076923077 0.4555288461538462 0.04567307692307693 0.05048076923076923
1 0.5072115384615384 0.4098557692307693 0.04807692307692308 0.040865384615384616
1 0.46634615384615385 0.41105769230769235 0.02403846153846154 0.04807692307692308
1 0.4338942307692308 0.40384615384615385 0.05048076923076923 0.0625
1 0.3497596153846154 0.4495192307692308 0.07932692307692309 0.09615384615384616
1 0.2848557692307693 0.3894230769230769 0.06971153846153846 0.08173076923076923
1 0.23918269230769232 0.43149038461538464 0.026442307692307696 0.03605769230769231
1 0.20072115384615385 0.390625 0.06971153846153846 0.06971153846153846
1 0.13461538461538464 0.4098557692307693 0.04807692307692308 0.06490384615384616
1 0.0889423076923077 0.4014423076923077 0.04326923076923077 0.05288461538461539
1 0.02403846153846154 0.44711538461538464 0.019230769230769232 0.028846153846153848