0 0.3093152866242038 0.2556179775280899 0.016719745222929936 0.03651685393258427
0 0.33439490445859876 0.22050561797752807 0.012738853503184714 0.028089887640449437
0 0.3455414012738854 0.22191011235955055 0.01592356687898089 0.033707865168539325
0 0.3499203821656051 0.27106741573033705 0.016719745222929936 0.033707865168539325
0 0.37738853503184716 0.20014044943820225 0.014331210191082803 0.03230337078651685
0 0.3913216560509554 0.19803370786516852 0.016719745222929936 0.033707865168539325
0 0.41281847133757965 0.22331460674157302 0.019904458598726117 0.03651685393258427
0 0.40406050955414013 0.2893258426966292 0.021496815286624206 0.03651685393258427
0 0.4832802547770701 0.21558988764044942 0.02070063694267516 0.04073033707865169
0 0.4601910828025478 0.1622191011235955 0.01592356687898089 0.02949438202247191
0 0.5119426751592357 0.1502808988764045 0.012738853503184714 0.025280898876404494
0 0.5370222929936306 0.1622191011235955 0.016719745222929936 0.02949438202247191
0 0.5179140127388535 0.19241573033707865 0.016719745222929936 0.033707865168539325
0 0.49721337579617836 0.28862359550561795 0.021496815286624206 0.04073033707865169
0 0.5613057324840764 0.3026685393258427 0.027070063694267517 0.05196629213483146
0 0.5732484076433121 0.22542134831460672 0.02070063694267516 0.043539325842696625
0 0.5995222929936306 0.24297752808988762 0.02229299363057325 0.042134831460674156
0 0.5696656050955414 0.16502808988764045 0.015127388535031847 0.026685393258426966
0 0.5812101910828026 0.15308988764044942 0.014331210191082803 0.025280898876404494
0 0.5628980891719746 0.14115168539325842 0.014331210191082803 0.02949438202247191
0 0.6054936305732485 0.10182584269662921 0.013535031847133758 0.026685393258426966
0 0.6441082802547771 0.1741573033707865 0.019108280254777073 0.03932584269662921
0 0.677547770700637 0.15308988764044942 0.01592356687898089 0.03089887640449438
0 0.6548566878980892 0.21207865168539325 0.018312101910828025 0.03651685393258427
0 0.6449044585987261 0.2640449438202247 0.02229299363057325 0.05056179775280899
0 0.6480891719745223 0.3518258426966292 0.030254777070063694 0.06320224719101124
0 0.7085987261146497 0.26685393258426965 0.02388535031847134 0.05056179775280899
0 0.7555732484076434 0.36446629213483145 0.025477707006369428 0.0547752808988764
0 0.8455414012738854 0.28581460674157305 0.02388535031847134 0.046348314606741575
0 0.7726910828025478 0.2970505617977528 0.021496815286624206 0.046348314606741575
0 0.8069267515923567 0.23595505617977527 0.019904458598726117 0.047752808988764044
0 0.7488057324840764 0.22120786516853932 0.019904458598726117 0.03792134831460674
0 0.7038216560509555 0.22120786516853932 0.01751592356687898 0.03792134831460674
0 0.723328025477707 0.18820224719101122 0.018312101910828025 0.033707865168539325
0 0.7571656050955414 0.18047752808988762 0.014331210191082803 0.03230337078651685
0 0.7671178343949046 0.20154494382022473 0.019904458598726117 0.043539325842696625
0 0.7687101910828026 0.12991573033707865 0.013535031847133758 0.02949438202247191
0 0.8009554140127388 0.13061797752808987 0.014331210191082803 0.03089887640449438
0 0.8527070063694268 0.14957865168539325 0.014331210191082803 0.03792134831460674
0 0.8391719745222931 0.18820224719101122 0.01751592356687898 0.03932584269662921
0 0.884156050955414 0.19101123595505617 0.015127388535031847 0.042134831460674156
0 0.9088375796178344 0.2584269662921348 0.021496815286624206 0.05337078651685393
0 0.8531050955414013 0.25070224719101125 0.019904458598726117 0.03792134831460674
0 0.8682324840764332 0.2422752808988764 0.015127388535031847 0.026685393258426966
0 0.8184713375796179 0.2226123595505618 0.01751592356687898 0.0351123595505618
0 0.8152866242038217 0.18679775280898875 0.01751592356687898 0.03089887640449438
0 0.0445859872611465 0.3012640449438202 0.007961783439490446 0.018258426966292134