1 0.72 0.26876876876876876 0.112 0.1891891891891892
1 0.8260000000000001 0.29429429429429427 0.08 0.14414414414414414
1 0.917 0.3663663663663664 0.15 0.21021021021021022
1 0.783 0.3033033033033033 0.046 0.11411411411411411
1 0.665 0.3033033033033033 0.05 0.09009009009009009
1 0.62 0.3708708708708709 0.084 0.12912912912912913
1 0.616 0.2972972972972973 0.056 0.07207207207207207
1 0.578 0.30930930930930933 0.036000000000000004 0.07807807807807808
1 0.55 0.3333333333333333 0.032 0.07207207207207207
1 0.517 0.3078078078078078 0.058 0.1111111111111111
1 0.47800000000000004 0.32732732732732733 0.036000000000000004 0.07207207207207207
1 0.445 0.3078078078078078 0.042 0.08708708708708708
1 0.41000000000000003 0.2972972972972973 0.036000000000000004 0.07807807807807808
1 0.386 0.3048048048048048 0.024 0.06306306306306306
1 0.34800000000000003 0.2972972972972973 0.04 0.07807807807807808
1 0.322 0.2957957957957958 0.024 0.057057057057057055
1 0.296 0.3078078078078078 0.032 0.057057057057057055
1 0.095 0.3288288288288288 0.022 0.03303303303303303
1 0.136 0.31981981981981983 0.02 0.03903903903903904
1 0.226 0.3183183183183183 0.02 0.04204204204204204
0 0.184 0.29429429429429427 0.088 0.16216216216216217