0 0.08697674418604652 0.4598662207357859 0.04744186046511628 0.09698996655518395
0 0.2502325581395349 0.2834448160535117 0.018604651162790697 0.03177257525083612
0 0.29069767441860467 0.2583612040133779 0.015813953488372095 0.03511705685618729
0 0.3013953488372093 0.2617056856187291 0.01674418604651163 0.0451505016722408
0 0.3106976744186047 0.29765886287625415 0.02046511627906977 0.04013377926421405
0 0.32790697674418606 0.2148829431438127 0.013953488372093025 0.03177257525083612
0 0.3511627906976744 0.21822742474916387 0.013953488372093025 0.038461538461538464
0 0.3758139534883721 0.2617056856187291 0.02046511627906977 0.04180602006688963
0 0.36697674418604653 0.22826086956521738 0.015813953488372095 0.03511705685618729
0 0.36697674418604653 0.21237458193979933 0.013953488372093025 0.026755852842809364
0 0.38651162790697674 0.19732441471571907 0.017674418604651163 0.030100334448160536
0 0.41162790697674423 0.17391304347826086 0.015813953488372095 0.030100334448160536
0 0.4144186046511628 0.22408026755852842 0.017674418604651163 0.043478260869565216
0 0.43953488372093025 0.16137123745819398 0.012093023255813955 0.03177257525083612
0 0.44976744186046513 0.14297658862876253 0.010232558139534885 0.02508361204013378
0 0.45395348837209304 0.16722408026755853 0.013023255813953489 0.03678929765886287
0 0.43674418604651166 0.19732441471571907 0.013953488372093025 0.033444816053511704
0 0.44279069767441864 0.21822742474916387 0.014883720930232559 0.03511705685618729
0 0.4348837209302326 0.2591973244147157 0.019534883720930235 0.046822742474916385
0 0.4674418604651163 0.1939799331103679 0.015813953488372095 0.03678929765886287
0 0.47069767441860466 0.1705685618729097 0.014883720930232559 0.033444816053511704
0 0.472093023255814 0.14882943143812707 0.012093023255813955 0.026755852842809364
0 0.48511627906976745 0.1354515050167224 0.010232558139534885 0.023411371237458192
0 0.5041860465116279 0.16806020066889632 0.01674418604651163 0.028428093645484948
0 0.498139534883721 0.18979933110367891 0.015813953488372095 0.03511705685618729
0 0.5148837209302326 0.1354515050167224 0.013953488372093025 0.026755852842809364
0 0.5316279069767442 0.13879598662207357 0.013953488372093025 0.030100334448160536
0 0.5586046511627907 0.11622073578595317 0.013953488372093025 0.028428093645484948
0 0.5944186046511628 0.10117056856187291 0.013023255813953489 0.028428093645484948
0 0.6134883720930233 0.10702341137123746 0.008372093023255815 0.026755852842809364
0 0.6209302325581396 0.11036789297658862 0.012093023255813955 0.03678929765886287
0 0.6372093023255815 0.1020066889632107 0.013023255813953489 0.026755852842809364
0 0.6213953488372094 0.13879598662207357 0.014883720930232559 0.033444816053511704
0 0.5688372093023256 0.16304347826086957 0.015813953488372095 0.038461538461538464
0 0.5837209302325582 0.13210702341137123 0.012093023255813955 0.030100334448160536
0 0.5879069767441861 0.11956521739130435 0.011162790697674419 0.02508361204013378
0 0.5525581395348838 0.16137123745819398 0.014883720930232559 0.03177257525083612
0 0.5800000000000001 0.15468227424749165 0.013953488372093025 0.03177257525083612
0 0.5232558139534884 0.21153846153846154 0.019534883720930235 0.038461538461538464
0 0.5032558139534884 0.2249163879598662 0.02046511627906977 0.048494983277591976
0 0.49255813953488375 0.2809364548494983 0.026976744186046512 0.05351170568561873
0 0.5372093023255814 0.3110367892976589 0.026976744186046512 0.06354515050167224
0 0.5646511627906977 0.24163879598662208 0.018604651162790697 0.048494983277591976
0 0.6065116279069768 0.2508361204013378 0.022325581395348838 0.05016722408026756
0 0.6288372093023256 0.18896321070234112 0.02046511627906977 0.05016722408026756
0 0.607906976744186 0.32441471571906355 0.026976744186046512 0.056856187290969896
0 0.658139534883721 0.2508361204013378 0.023255813953488372 0.05016722408026756
0 0.6506976744186047 0.2265886287625418 0.017674418604651163 0.03177257525083612
0 0.6744186046511629 0.11454849498327759 0.013023255813953489 0.03177257525083612
0 0.6962790697674419 0.10117056856187291 0.012093023255813955 0.03177257525083612
0 0.6613953488372093 0.16806020066889632 0.01674418604651163 0.038461538461538464
0 0.6897674418604651 0.17642140468227424 0.015813953488372095 0.03511705685618729
0 0.6916279069767443 0.14214046822742474 0.015813953488372095 0.033444816053511704
0 0.7023255813953488 0.14297658862876253 0.011162790697674419 0.03177257525083612
0 0.7316279069767442 0.12876254180602006 0.013953488372093025 0.026755852842809364
0 0.7269767441860465 0.15719063545150502 0.013953488372093025 0.03678929765886287
0 0.7413953488372094 0.18394648829431437 0.01674418604651163 0.03678929765886287
0 0.6934883720930233 0.22157190635451504 0.023255813953488372 0.048494983277591976
0 0.7502325581395349 0.22909698996655517 0.019534883720930235 0.05016722408026756
0 0.6790697674418605 0.3294314381270903 0.02790697674418605 0.06354515050167224
0 0.7218604651162791 0.31354515050167225 0.02418604651162791 0.051839464882943144
0 0.7827906976744187 0.294314381270903 0.023255813953488372 0.06354515050167224
0 0.8032558139534884 0.23411371237458192 0.019534883720930235 0.05016722408026756
0 0.7516279069767442 0.17558528428093645 0.01674418604651163 0.03678929765886287
0 0.7432558139534884 0.14381270903010032 0.013023255813953489 0.026755852842809364
0 0.7474418604651163 0.11120401337792642 0.013953488372093025 0.02508361204013378
0 0.7646511627906977 0.13294314381270902 0.013023255813953489 0.03177257525083612
0 0.7790697674418605 0.12207357859531773 0.012093023255813955 0.033444816053511704
0 0.7948837209302326 0.13127090301003344 0.012093023255813955 0.03177257525083612
0 0.813953488372093 0.1262541806020067 0.013023255813953489 0.02508361204013378
0 0.7953488372093024 0.17391304347826086 0.01674418604651163 0.04013377926421405
0 0.8111627906976745 0.16555183946488294 0.014883720930232559 0.03678929765886287
0 0.8293023255813954 0.13963210702341136 0.013953488372093025 0.03177257525083612
0 0.8418604651162791 0.18729096989966554 0.01674418604651163 0.043478260869565216
0 0.8483720930232559 0.16137123745819398 0.014883720930232559 0.03511705685618729
0 0.8604651162790699 0.14882943143812707 0.014883720930232559 0.030100334448160536
0 0.8613953488372094 0.1245819397993311 0.013023255813953489 0.03177257525083612
0 0.8925581395348837 0.12792642140468227 0.010232558139534885 0.03177257525083612
0 0.8925581395348837 0.1596989966555184 0.012093023255813955 0.028428093645484948
0 0.8855813953488373 0.17391304347826086 0.013023255813953489 0.03678929765886287
0 0.8776744186046512 0.19899665551839466 0.015813953488372095 0.033444816053511704
0 0.8716279069767442 0.2265886287625418 0.01674418604651163 0.038461538461538464
0 0.9204651162790698 0.2817725752508361 0.019534883720930235 0.051839464882943144
0 0.9293023255813954 0.20150501672240803 0.014883720930232559 0.038461538461538464
0 0.9144186046511629 0.18227424749163879 0.014883720930232559 0.03678929765886287
0 0.9227906976744187 0.15635451505016723 0.011162790697674419 0.03177257525083612