0 0.6298076923076923 0.5132530120481928 0.03365384615384616 0.04819277108433735
0 0.7295673076923077 0.5301204819277109 0.03125 0.04337349397590362
0 0.7932692307692308 0.5795180722891566 0.057692307692307696 0.06987951807228916
0 0.7788461538461539 0.5409638554216868 0.04326923076923077 0.045783132530120486
0 0.8173076923076924 0.49759036144578317 0.019230769230769232 0.03132530120481928
0 0.905048076923077 0.5012048192771085 0.026442307692307696 0.03855421686746988
0 0.951923076923077 0.49277108433734945 0.019230769230769232 0.02168674698795181
0 0.9807692307692308 0.5084337349397591 0.019230769230769232 0.01927710843373494
1 0.7980769230769231 0.47951807228915666 0.02403846153846154 0.024096385542168676
0 0.07451923076923077 0.5036144578313253 0.1201923076923077 0.13493975903614458
0 0.2451923076923077 0.5036144578313253 0.10096153846153846 0.0963855421686747
1 0.4026442307692308 0.5084337349397591 0.12259615384615385 0.1493975903614458