1 0.05090909090909091 0.2786885245901639 0.10181818181818182 0.3825136612021858
1 0.2081818181818182 0.18032786885245902 0.13272727272727272 0.2185792349726776
1 0.33636363636363636 0.15300546448087432 0.15636363636363637 0.2459016393442623
1 0.5472727272727272 0.1762295081967213 0.14909090909090908 0.3087431693989071
1 0.6909090909090909 0.28005464480874315 0.17454545454545456 0.33060109289617484
1 0.740909090909091 0.5355191256830601 0.18727272727272729 0.33879781420765026
1 0.9372727272727273 0.5300546448087432 0.12181818181818181 0.30601092896174864
1 0.94 0.36065573770491804 0.11636363636363636 0.2677595628415301
1 0.8036363636363636 0.16666666666666666 0.16727272727272727 0.21311475409836064
1 0.9727272727272728 0.11748633879781421 0.05090909090909091 0.21311475409836064
0 0.1918181818181818 0.46174863387978143 0.1690909090909091 0.3879781420765027