1 0.06490384615384616 0.32211538461538464 0.11057692307692309 0.125
1 0.13341346153846154 0.41947115384615385 0.07451923076923077 0.07451923076923077
1 0.21274038461538464 0.44591346153846156 0.05048076923076923 0.05048076923076923
1 0.265625 0.4567307692307693 0.03125 0.038461538461538464
1 0.296875 0.44591346153846156 0.03605769230769231 0.05048076923076923
1 0.4278846153846154 0.47836538461538464 0.028846153846153848 0.03365384615384616
1 0.4747596153846154 0.4326923076923077 0.03605769230769231 0.05288461538461539
1 0.6117788461538461 0.4483173076923077 0.03605769230769231 0.040865384615384616
1 0.6598557692307693 0.4411057692307693 0.03125 0.04567307692307693
1 0.7920673076923077 0.44230769230769235 0.03605769230769231 0.04807692307692308
1 0.8401442307692308 0.4290865384615385 0.040865384615384616 0.06490384615384616
1 0.8641826923076924 0.3713942307692308 0.07932692307692309 0.09375