1 0.18389423076923078 0.4399038461538462 0.04567307692307693 0.057692307692307696
1 0.49399038461538464 0.45432692307692313 0.03125 0.04807692307692308
1 0.8125 0.4675480769230769 0.028846153846153848 0.040865384615384616
1 0.8930288461538463 0.48197115384615385 0.040865384615384616 0.05528846153846154
1 0.8942307692307693 0.43509615384615385 0.03365384615384616 0.038461538461538464
0 0.2848557692307693 0.43870192307692313 0.040865384615384616 0.04567307692307693
0 0.3822115384615385 0.48197115384615385 0.038461538461538464 0.04567307692307693
0 0.4122596153846154 0.4675480769230769 0.03125 0.040865384615384616
0 0.4362980769230769 0.4591346153846154 0.03125 0.038461538461538464
0 0.5240384615384616 0.4555288461538462 0.038461538461538464 0.05048076923076923
0 0.5721153846153847 0.46634615384615385 0.038461538461538464 0.04807692307692308
0 0.6346153846153847 0.4759615384615385 0.04807692307692308 0.057692307692307696
0 0.6574519230769231 0.46153846153846156 0.03125 0.04807692307692308
0 0.7824519230769231 0.46995192307692313 0.03125 0.05528846153846154
0 0.9338942307692308 0.48557692307692313 0.04567307692307693 0.057692307692307696