1 0.4463768115942029 0.390715667311412 0.06376811594202898 0.11605415860735009
1 0.13623188405797101 0.38878143133462284 0.043478260869565216 0.06576402321083172
1 0.04492753623188406 0.4158607350096712 0.04057971014492753 0.058027079303675046
1 0.2702898550724638 0.41876208897485495 0.02753623188405797 0.05222437137330754
1 0.2942028985507246 0.42359767891682787 0.02318840579710145 0.0425531914893617
1 0.3463768115942029 0.41392649903288203 0.028985507246376812 0.05029013539651837
1 0.3804347826086957 0.43423597678916825 0.030434782608695653 0.04835589941972921
1 0.7115942028985507 0.4216634429400387 0.02318840579710145 0.05029013539651837
1 0.8594202898550725 0.41005802707930367 0.02318840579710145 0.03868471953578337
1 0.922463768115942 0.41392649903288203 0.02753623188405797 0.04642166344294004
1 0.9601449275362319 0.42263056092843326 0.02753623188405797 0.04448742746615087
1 0.9855072463768116 0.42940038684719534 0.026086956521739132 0.0425531914893617
1 0.6420289855072464 0.42359767891682787 0.02318840579710145 0.03481624758220503
1 0.5666666666666667 0.4197292069632495 0.028985507246376812 0.03868471953578337
1 0.6210144927536232 0.425531914893617 0.021739130434782608 0.03481624758220503
1 0.5130434782608696 0.40618955512572535 0.03188405797101449 0.03868471953578337
1 0.4891304347826087 0.4148936170212766 0.036231884057971016 0.04448742746615087