1 0.2996875 0.47208333333333335 0.019375 0.030833333333333334
1 0.2646875 0.5012500000000001 0.023125 0.03916666666666667
1 0.1771875 0.35375 0.026875 0.035833333333333335
1 0.195625 0.2704166666666667 0.02 0.037500000000000006
1 0.2540625 0.4179166666666667 0.024375 0.03916666666666667
1 0.2471875 0.37833333333333335 0.021875000000000002 0.030000000000000002
1 0.4140625 0.5866666666666667 0.021875000000000002 0.035
1 0.8075 0.3716666666666667 0.01875 0.025
1 0.81125 0.31958333333333333 0.02 0.025833333333333337
1 0.758125 0.28583333333333333 0.01875 0.025
1 0.868125 0.6583333333333333 0.0225 0.028333333333333335
1 0.5196875 0.6466666666666667 0.020625 0.03166666666666667
1 0.14906250000000001 0.21583333333333335 0.021875000000000002 0.03333333333333333
1 0.1703125 0.18166666666666667 0.021875000000000002 0.030000000000000002
1 0.15687500000000001 0.155 0.02 0.02666666666666667
1 0.135 0.11958333333333335 0.02 0.03416666666666667
1 0.1265625 0.09791666666666668 0.018125 0.02416666666666667
1 0.6065625 0.18250000000000002 0.014375 0.023333333333333334
1 0.49843750000000003 0.4920833333333334 0.016875 0.029166666666666667
0 0.4440625 0.32125000000000004 0.011875 0.020833333333333336
0 0.431875 0.36291666666666667 0.0175 0.025833333333333337
0 0.46125 0.3775 0.0125 0.023333333333333334
0 0.4678125 0.4041666666666667 0.014375 0.021666666666666667
0 0.4184375 0.43500000000000005 0.015625 0.021666666666666667
0 0.40875 0.4033333333333334 0.01375 0.021666666666666667