0 0.1875 0.3746987951807229 0.10096153846153846 0.13734939759036147
0 0.13221153846153846 0.3409638554216868 0.0625 0.0891566265060241
0 0.2451923076923077 0.4108433734939759 0.04326923076923077 0.06024096385542169
0 0.31490384615384615 0.3951807228915663 0.05288461538461539 0.06746987951807229
0 0.3822115384615385 0.4228915662650603 0.028846153846153848 0.04096385542168675
0 0.46634615384615385 0.3987951807228916 0.057692307692307696 0.06024096385542169
0 0.5360576923076923 0.4048192771084338 0.038461538461538464 0.06265060240963856
0 0.578125 0.3819277108433735 0.05528846153846154 0.0746987951807229
0 0.6021634615384616 0.4204819277108434 0.06971153846153846 0.0746987951807229
0 0.6622596153846154 0.419277108433735 0.03125 0.03855421686746988
0 0.7127403846153847 0.42168674698795183 0.01682692307692308 0.024096385542168676
0 0.7367788461538461 0.3710843373493976 0.05048076923076923 0.06746987951807229
0 0.8365384615384616 0.4240963855421687 0.07692307692307693 0.07710843373493977