0 0.9459134615384616 0.2956730769230769 0.09375 0.10096153846153846
0 0.8665865384615385 0.36778846153846156 0.09855769230769232 0.11538461538461539
0 0.9495192307692308 0.042067307692307696 0.09615384615384616 0.08413461538461539
0 0.4242788461538462 0.578125 0.08413461538461539 0.10817307692307693
1 0.6213942307692308 0.3497596153846154 0.08413461538461539 0.10336538461538462
1 0.4651442307692308 0.296875 0.06490384615384616 0.08413461538461539
1 0.5096153846153847 0.24278846153846156 0.057692307692307696 0.08173076923076923
1 0.5793269230769231 0.2884615384615385 0.08173076923076923 0.09615384615384616
1 0.4086538461538462 0.2608173076923077 0.04807692307692308 0.06971153846153846
1 0.30528846153846156 0.25240384615384615 0.11057692307692309 0.11538461538461539
1 0.19230769230769232 0.2620192307692308 0.09615384615384616 0.1201923076923077
1 0.03605769230769231 0.21033653846153846 0.05288461538461539 0.06009615384615385
1 0.18990384615384617 0.07451923076923077 0.10096153846153846 0.11057692307692309
1 0.3004807692307693 0.08293269230769232 0.10576923076923078 0.12259615384615385
1 0.41105769230769235 0.078125 0.04807692307692308 0.07451923076923077
1 0.46995192307692313 0.04326923076923077 0.06971153846153846 0.08653846153846154
1 0.5168269230769231 0.09254807692307693 0.0625 0.08413461538461539
1 0.576923076923077 0.04927884615384616 0.0625 0.09375
1 0.037259615384615384 0.11899038461538462 0.05048076923076923 0.06009615384615385