1 0.24863591269841268 0.5109126984126984 0.03645833333333333 0.05357142857142857
1 0.2798859126984127 0.4861111111111111 0.043402777777777776 0.062169312169312166
1 0.3334573412698413 0.496031746031746 0.0339781746031746 0.056878306878306875
1 0.38690476190476186 0.5 0.040178571428571425 0.0734126984126984
1 0.4093501984126984 0.5181878306878307 0.029513888888888888 0.05357142857142857
1 0.43812003968253965 0.5244708994708994 0.02802579365079365 0.051587301587301584
1 0.47991071428571425 0.49437830687830686 0.03571428571428571 0.06415343915343916
1 0.511656746031746 0.4933862433862434 0.03125 0.05555555555555555
1 0.5687003968253967 0.5196759259259259 0.03968253968253968 0.06117724867724868
1 0.5845734126984127 0.5099206349206349 0.021825396825396824 0.051587301587301584
1 0.660094246031746 0.517691798941799 0.03943452380952381 0.06316137566137565
1 0.7183779761904762 0.5084325396825397 0.03794642857142857 0.06117724867724868
1 0.7485119047619048 0.5449735449735449 0.028769841269841268 0.04563492063492063
1 0.8019593253968254 0.523313492063492 0.03794642857142857 0.053902116402116396
1 0.822172619047619 0.5588624338624338 0.019345238095238096 0.042328042328042326
1 0.8596230158730158 0.5476190476190476 0.03869047619047619 0.056878306878306875
1 0.9015376984126984 0.5434854497354497 0.040178571428571425 0.05654761904761904
1 0.955109126984127 0.5481150793650793 0.03571428571428571 0.045304232804232805
1 0.980282738095238 0.5534060846560847 0.027033730158730156 0.057870370370370364