1 0.422 0.23255813953488372 0.126 0.13053263315828958
1 0.663 0.21492873218304576 0.116 0.12378094523630909
1 0.223 0.2704426106526632 0.14200000000000002 0.13278319579894973
1 0.0835 0.16916729182295576 0.065 0.051762940735183796
1 0.026000000000000002 0.18042010502625658 0.052000000000000005 0.05926481620405102
1 0.18 0.15491372843210804 0.056 0.04576144036009002
1 0.927 0.17479369842460615 0.098 0.09002250562640661
1 0.972 0.20742685671417854 0.054 0.08027006751687922
1 0.5555 0.18379594898724683 0.065 0.07501875468867217
1 0.6125 0.17479369842460615 0.061 0.05101275318829707
1 0.2935 0.1504126031507877 0.051000000000000004 0.047261815453863466
1 0.255 0.1646661665416354 0.06 0.047261815453863466
1 0.2685 0.19242310577644411 0.067 0.0622655663915979
1 0.028 0.2618154538634659 0.056 0.10952738184546137
0 0.35050000000000003 0.2614403600900225 0.089 0.0757689422355589
0 0.8065 0.21642910727681922 0.177 0.17329332333083272
0 0.1015 0.2355588897224306 0.099 0.10052513128282071
0 0.606 0.22693173293323332 0.068 0.07726931732933233