1 0.6899038461538461 0.4108433734939759 0.05288461538461539 0.06024096385542169
1 0.6334134615384616 0.3746987951807229 0.06009615384615385 0.06987951807228916
1 0.5240384615384616 0.3879518072289157 0.057692307692307696 0.07228915662650603
1 0.45793269230769235 0.3903614457831326 0.03125 0.04337349397590362
1 0.4170673076923077 0.3843373493975904 0.026442307692307696 0.03132530120481928
1 0.3701923076923077 0.3987951807228916 0.028846153846153848 0.03614457831325302
1 0.27524038461538464 0.3963855421686747 0.05528846153846154 0.07951807228915664
1 0.17668269230769232 0.3771084337349398 0.03125 0.045783132530120486
1 0.14423076923076925 0.3927710843373494 0.014423076923076924 0.024096385542168676
1 0.12379807692307693 0.3855421686746988 0.007211538461538462 0.014457831325301207
1 0.09975961538461539 0.3891566265060241 0.03605769230769231 0.045783132530120486
1 0.07211538461538462 0.3843373493975904 0.019230769230769232 0.04096385542168675
1 0.05528846153846154 0.3927710843373494 0.014423076923076924 0.028915662650602414
1 0.009615384615384616 0.3987951807228916 0.019230769230769232 0.026506024096385545