1 0.1466346153846154 0.4156626506024097 0.0625 0.06987951807228916
1 0.19591346153846154 0.3987951807228916 0.05528846153846154 0.0746987951807229
1 0.23918269230769232 0.4096385542168675 0.03605769230769231 0.04819277108433735
1 0.35336538461538464 0.42168674698795183 0.057692307692307696 0.07710843373493977
1 0.4254807692307693 0.3867469879518073 0.057692307692307696 0.06987951807228916
1 0.5216346153846154 0.3939759036144579 0.04326923076923077 0.06024096385542169
1 0.5637019230769231 0.3590361445783133 0.05048076923076923 0.06746987951807229
1 0.6033653846153847 0.3349397590361446 0.03365384615384616 0.05301204819277109
1 0.6322115384615385 0.33253012048192776 0.04326923076923077 0.06265060240963856
1 0.7283653846153847 0.3337349397590362 0.057692307692307696 0.0746987951807229
1 0.7728365384615385 0.32168674698795185 0.04567307692307693 0.06506024096385543
1 0.7740384615384616 0.01927710843373494 0.04326923076923077 0.03855421686746988