0 0.07932692307692309 0.44939759036144583 0.04807692307692308 0.06506024096385543
1 0.26322115384615385 0.47108433734939764 0.04567307692307693 0.055421686746987955
1 0.3161057692307693 0.427710843373494 0.04567307692307693 0.050602409638554224
1 0.38341346153846156 0.419277108433735 0.021634615384615384 0.028915662650602414
1 0.4399038461538462 0.45301204819277113 0.057692307692307696 0.07710843373493977
0 0.49278846153846156 0.45301204819277113 0.019230769230769232 0.028915662650602414
1 0.5552884615384616 0.45662650602409643 0.04807692307692308 0.06024096385542169
0 0.6201923076923077 0.46144578313253015 0.03365384615384616 0.050602409638554224
1 0.6310096153846154 0.3771084337349398 0.01201923076923077 0.02168674698795181
1 0.6610576923076923 0.4108433734939759 0.019230769230769232 0.02168674698795181
1 0.7271634615384616 0.42891566265060244 0.021634615384615384 0.024096385542168676
1 0.7548076923076924 0.46506024096385545 0.02403846153846154 0.033734939759036145
0 0.796875 0.4301204819277109 0.01201923076923077 0.016867469879518072
1 0.9266826923076924 0.5397590361445783 0.06009615384615385 0.06746987951807229