0 0.17666051660516605 0.47947454844006565 0.04151291512915129 0.08210180623973727
0 0.2702952029520295 0.25779967159277506 0.012915129151291513 0.026272577996715927
0 0.37315498154981547 0.28735632183908044 0.023062730627306273 0.0361247947454844
0 0.3261070110701107 0.2791461412151067 0.024907749077490774 0.03284072249589491
0 0.29197416974169743 0.2766830870279146 0.023062730627306273 0.03776683087027914
0 0.6904981549815498 0.10344827586206896 0.015682656826568265 0.022988505747126436
0 0.6563653136531366 0.11247947454844007 0.013837638376383764 0.027914614121510674
0 0.625 0.10262725779967159 0.01014760147601476 0.02134646962233169
0 0.606549815498155 0.10344827586206896 0.01014760147601476 0.022988505747126436
0 0.5867158671586715 0.12151067323481116 0.014760147601476014 0.022988505747126436
0 0.5535055350553505 0.12397372742200329 0.014760147601476014 0.027914614121510674
0 0.5212177121771218 0.138752052545156 0.012915129151291513 0.02134646962233169
0 0.5087638376383764 0.14778325123152708 0.011992619926199261 0.022988505747126436
0 0.49723247232472323 0.1354679802955665 0.007380073800738007 0.0180623973727422
0 0.4755535055350553 0.14860426929392445 0.011992619926199261 0.027914614121510674
0 0.43773062730627305 0.1863711001642036 0.015682656826568265 0.031198686371100164
0 0.41835793357933576 0.174055829228243 0.013837638376383764 0.022988505747126436
0 0.4151291512915129 0.1116584564860427 0.012915129151291513 0.026272577996715927
0 0.3607011070110701 0.19704433497536944 0.016605166051660517 0.029556650246305417
0 0.3943726937269373 0.1978653530377668 0.017527675276752766 0.031198686371100164
0 0.44142066420664205 0.24384236453201968 0.019372693726937267 0.03776683087027914
0 0.47601476014760147 0.21756978653530376 0.02029520295202952 0.041050903119868636
0 0.4755535055350553 0.19047619047619047 0.019372693726937267 0.03284072249589491
0 0.5166051660516605 0.1781609195402299 0.014760147601476014 0.027914614121510674
0 0.5452029520295203 0.18719211822660098 0.016605166051660517 0.0361247947454844
0 0.5650369003690037 0.17487684729064037 0.017527675276752766 0.034482758620689655
0 0.6051660516605166 0.1412151067323481 0.016605166051660517 0.03284072249589491
0 0.4870848708487085 0.34072249589490966 0.027675276752767528 0.041050903119868636
0 0.5285977859778598 0.3505747126436782 0.02952029520295203 0.0541871921182266
0 0.573339483394834 0.23234811165845648 0.019372693726937267 0.041050903119868636
0 0.6226937269372693 0.23645320197044334 0.02214022140221402 0.03940886699507389
0 0.650830258302583 0.1683087027914614 0.019372693726937267 0.034482758620689655
0 0.7449261992619925 0.11494252873563218 0.015682656826568265 0.03284072249589491
0 0.7398523985239852 0.14942528735632182 0.014760147601476014 0.029556650246305417
0 0.7707564575645757 0.12725779967159276 0.011992619926199261 0.027914614121510674
0 0.775830258302583 0.1568144499178982 0.014760147601476014 0.031198686371100164
0 0.8288745387453874 0.1264367816091954 0.011992619926199261 0.029556650246305417
0 0.8390221402214022 0.14285714285714285 0.013837638376383764 0.03284072249589491
0 0.8510147601476015 0.15270935960591134 0.013837638376383764 0.04269293924466338
0 0.8611623616236163 0.12315270935960591 0.01014760147601476 0.019704433497536946
0 0.9202029520295203 0.15763546798029557 0.01014760147601476 0.029556650246305417
0 0.9095940959409594 0.2044334975369458 0.014760147601476014 0.041050903119868636
0 0.8745387453874538 0.18883415435139572 0.01845018450184502 0.026272577996715927
0 0.875 0.2110016420361248 0.015682656826568265 0.03776683087027914
0 0.9183579335793358 0.229064039408867 0.019372693726937267 0.04433497536945813
0 0.8219557195571956 0.20361247947454844 0.02029520295202952 0.04597701149425287
0 0.775830258302583 0.19458128078817732 0.02214022140221402 0.041050903119868636
0 0.7103321033210331 0.19622331691297207 0.02029520295202952 0.034482758620689655
0 0.7227859778597786 0.17569786535303777 0.021217712177121772 0.03284072249589491
0 0.6872693726937269 0.1921182266009852 0.01845018450184502 0.0361247947454844
0 0.6466789667896679 0.2257799671592775 0.02214022140221402 0.04433497536945813
0 0.683579335793358 0.2372742200328407 0.02214022140221402 0.03776683087027914
0 0.6665129151291512 0.31773399014778325 0.024907749077490774 0.047619047619047616
0 0.73570110701107 0.2619047619047619 0.021217712177121772 0.05090311986863711
0 0.7440036900369004 0.22495894909688013 0.019372693726937267 0.04597701149425287
0 0.7781365313653136 0.2651888341543514 0.021217712177121772 0.047619047619047616
0 0.7979704797047971 0.24794745484400657 0.01845018450184502 0.04597701149425287
0 0.7306273062730627 0.3399014778325123 0.03136531365313653 0.06896551724137931
0 0.8122693726937269 0.32101806239737274 0.028597785977859776 0.06403940886699507
0 0.852859778597786 0.2545155993431855 0.019372693726937267 0.04597701149425287
0 0.8708487084870848 0.3456486042692939 0.02214022140221402 0.05747126436781609
0 0.8971402214022139 0.36535303776683087 0.021217712177121772 0.03776683087027914
0 0.889760147601476 0.2799671592775041 0.017527675276752766 0.04433497536945813