1 0.2824519230769231 0.055421686746987955 0.05048076923076923 0.04337349397590362
0 0.4014423076923077 0.12650602409638556 0.038461538461538464 0.050602409638554224
1 0.5 0.04819277108433735 0.038461538461538464 0.04337349397590362
1 0.2848557692307693 0.27108433734939763 0.04567307692307693 0.050602409638554224
0 0.39903846153846156 0.1963855421686747 0.04326923076923077 0.050602409638554224
1 0.5 0.27710843373493976 0.04326923076923077 0.04819277108433735
1 0.5685096153846154 0.31807228915662655 0.03605769230769231 0.04337349397590362
1 0.27043269230769235 0.6180722891566266 0.06490384615384616 0.07951807228915664
1 0.6730769230769231 0.6156626506024097 0.04807692307692308 0.045783132530120486
1 0.9735576923076924 0.6048192771084338 0.04326923076923077 0.06265060240963856
1 0.6682692307692308 0.4590361445783133 0.02403846153846154 0.03132530120481928
1 0.7163461538461539 0.419277108433735 0.02403846153846154 0.028915662650602414