1 0.27403846153846156 0.4421686746987952 0.038461538461538464 0.04096385542168675
1 0.3617788461538462 0.47590361445783136 0.040865384615384616 0.045783132530120486
1 0.5012019230769231 0.42891566265060244 0.040865384615384616 0.04337349397590362
1 0.7704326923076924 0.31807228915662655 0.021634615384615384 0.024096385542168676
1 0.8100961538461539 0.31927710843373497 0.03365384615384616 0.026506024096385545
0 0.08052884615384616 0.5891566265060242 0.05048076923076923 0.03614457831325302
0 0.125 0.6590361445783133 0.05288461538461539 0.045783132530120486
0 0.125 0.6180722891566266 0.05288461538461539 0.045783132530120486
0 0.17307692307692307 0.49397590361445787 0.028846153846153848 0.033734939759036145
0 0.2620192307692308 0.5072289156626506 0.03365384615384616 0.04096385542168675
0 0.3293269230769231 0.527710843373494 0.038461538461538464 0.03855421686746988
0 0.43509615384615385 0.5060240963855422 0.03365384615384616 0.028915662650602414
0 0.5528846153846154 0.44337349397590364 0.03365384615384616 0.03855421686746988
1 0.5961538461538461 0.3518072289156627 0.028846153846153848 0.033734939759036145
0 0.6322115384615385 0.32289156626506027 0.019230769230769232 0.024096385542168676
0 0.6887019230769231 0.31566265060240967 0.021634615384615384 0.024096385542168676
0 0.7932692307692308 0.28072289156626506 0.02403846153846154 0.02168674698795181
0 0.8557692307692308 0.23253012048192773 0.02403846153846154 0.02168674698795181
0 0.826923076923077 0.23493975903614459 0.019230769230769232 0.02168674698795181
0 0.8377403846153847 0.33975903614457836 0.021634615384615384 0.024096385542168676
0 0.8125 0.3951807228915663 0.07211538461538462 0.13493975903614458