1 0.5891566265060242 0.7572115384615385 0.06024096385542169 0.0625
1 0.45662650602409643 0.75 0.03132530120481928 0.04807692307692308
1 0.3867469879518073 0.7295673076923077 0.04096385542168675 0.04567307692307693
1 0.5289156626506024 0.2920673076923077 0.026506024096385545 0.040865384615384616
0 0.09518072289156627 0.717548076923077 0.02168674698795181 0.021634615384615384
0 0.23012048192771087 0.717548076923077 0.02168674698795181 0.021634615384615384
0 0.016867469879518072 0.733173076923077 0.01927710843373494 0.02403846153846154
0 0.06987951807228916 0.7091346153846154 0.014457831325301207 0.019230769230769232
0 0.13012048192771086 0.701923076923077 0.024096385542168676 0.02403846153846154
0 0.5301204819277109 0.7307692307692308 0.01927710843373494 0.019230769230769232
0 0.26746987951807233 0.734375 0.024096385542168676 0.021634615384615384
0 0.2530120481927711 0.7079326923076924 0.01927710843373494 0.021634615384615384
0 0.19397590361445785 0.7007211538461539 0.02168674698795181 0.021634615384615384
0 0.32891566265060246 0.7163461538461539 0.016867469879518072 0.019230769230769232
0 0.31084337349397595 0.733173076923077 0.014457831325301207 0.02403846153846154
0 0.29638554216867474 0.7199519230769231 0.01927710843373494 0.021634615384615384
0 0.7686746987951808 0.7319711538461539 0.014457831325301207 0.01682692307692308
0 0.8915662650602411 0.7319711538461539 0.014457831325301207 0.01682692307692308
0 0.9132530120481929 0.7355769230769231 0.014457831325301207 0.019230769230769232
0 0.9710843373493977 0.7403846153846154 0.024096385542168676 0.019230769230769232
0 0.6903614457831326 0.7379807692307693 0.026506024096385545 0.019230769230769232
0 0.7493975903614458 0.7355769230769231 0.01927710843373494 0.019230769230769232
0 0.05783132530120483 0.733173076923077 0.01927710843373494 0.019230769230769232
0 0.34698795180722897 0.7163461538461539 0.01927710843373494 0.019230769230769232