1 0.25240384615384615 0.39543269230769235 0.038461538461538464 0.05048076923076923
1 0.29927884615384615 0.39543269230769235 0.03125 0.05528846153846154
1 0.34375 0.375 0.05288461538461539 0.08653846153846154
1 0.4014423076923077 0.38822115384615385 0.019230769230769232 0.04567307692307693
1 0.43509615384615385 0.3930288461538462 0.038461538461538464 0.06971153846153846
1 0.4867788461538462 0.3858173076923077 0.026442307692307696 0.040865384615384616
1 0.5492788461538461 0.390625 0.06009615384615385 0.0889423076923077
1 0.59375 0.39543269230769235 0.028846153846153848 0.05528846153846154
1 0.6286057692307693 0.37980769230769235 0.04567307692307693 0.0625
1 0.6790865384615385 0.3786057692307693 0.05528846153846154 0.08413461538461539
1 0.7391826923076924 0.36418269230769235 0.04567307692307693 0.06971153846153846