0 0.06490384615384616 0.4711538461538462 0.028846153846153848 0.03365384615384616
0 0.12139423076923078 0.4723557692307693 0.03605769230769231 0.05048076923076923
0 0.2139423076923077 0.46995192307692313 0.038461538461538464 0.040865384615384616
0 0.3449519230769231 0.46274038461538464 0.026442307692307696 0.040865384615384616
0 0.3076923076923077 0.46153846153846156 0.05288461538461539 0.06730769230769232
0 0.4026442307692308 0.4495192307692308 0.03605769230769231 0.05288461538461539
0 0.4747596153846154 0.4338942307692308 0.040865384615384616 0.021634615384615384
0 0.4759615384615385 0.4759615384615385 0.057692307692307696 0.06730769230769232
0 0.5829326923076923 0.49399038461538464 0.05528846153846154 0.06971153846153846
0 0.7403846153846154 0.45793269230769235 0.04326923076923077 0.03125
0 0.7415865384615385 0.5072115384615384 0.06490384615384616 0.07692307692307693
0 0.9110576923076924 0.5 0.07692307692307693 0.08653846153846154