1 0.43870192307692313 0.3759036144578314 0.021634615384615384 0.033734939759036145
1 0.24639423076923078 0.3855421686746988 0.06490384615384616 0.09156626506024097
1 0.19471153846153846 0.4048192771084338 0.05288461538461539 0.06746987951807229
1 0.14182692307692307 0.383132530120482 0.04326923076923077 0.06265060240963856
1 0.4831730769230769 0.3602409638554217 0.06730769230769232 0.07951807228915664
0 0.5252403846153847 0.3686746987951808 0.03605769230769231 0.06265060240963856
1 0.561298076923077 0.3843373493975904 0.021634615384615384 0.03614457831325302
1 0.65625 0.3674698795180723 0.019230769230769232 0.02168674698795181
1 0.6971153846153847 0.3795180722891567 0.057692307692307696 0.06987951807228916
1 0.7980769230769231 0.3746987951807229 0.03365384615384616 0.050602409638554224
1 0.8701923076923077 0.3807228915662651 0.028846153846153848 0.04819277108433735
1 0.9146634615384616 0.3626506024096386 0.06490384615384616 0.07951807228915664
1 0.9651442307692308 0.3722891566265061 0.04567307692307693 0.06506024096385543
1 0.4026442307692308 0.3975903614457832 0.05528846153846154 0.07228915662650603