1 0.6478365384615385 0.3137019230769231 0.14182692307692307 0.18509615384615385
1 0.3978365384615385 0.3197115384615385 0.06009615384615385 0.08173076923076923
1 0.33774038461538464 0.3233173076923077 0.05048076923076923 0.06009615384615385
1 0.23197115384615385 0.34134615384615385 0.03125 0.03365384615384616
1 0.19230769230769232 0.32211538461538464 0.03365384615384616 0.03365384615384616
1 0.3112980769230769 0.3185096153846154 0.026442307692307696 0.040865384615384616
1 0.17908653846153846 0.34375 0.021634615384615384 0.028846153846153848
1 0.14182692307692307 0.33653846153846156 0.019230769230769232 0.02403846153846154
1 0.12379807692307693 0.34615384615384615 0.01682692307692308 0.02403846153846154
1 0.09855769230769232 0.3401442307692308 0.014423076923076924 0.021634615384615384
1 0.08413461538461539 0.3557692307692308 0.019230769230769232 0.02403846153846154
1 0.05528846153846154 0.359375 0.019230769230769232 0.021634615384615384
1 0.19230769230769232 0.019230769230769232 0.03365384615384616 0.03365384615384616
1 0.3401442307692308 0.02764423076923077 0.05528846153846154 0.05528846153846154
1 0.40024038461538464 0.03365384615384616 0.06971153846153846 0.06730769230769232
1 0.31009615384615385 0.022836538461538464 0.028846153846153848 0.040865384615384616
1 0.9314903846153847 0.03125 0.01682692307692308 0.02403846153846154
1 0.9723557692307693 0.04447115384615385 0.021634615384615384 0.026442307692307696
1 0.9314903846153847 0.3125 0.01682692307692308 0.02403846153846154
1 0.9723557692307693 0.3004807692307693 0.01682692307692308 0.02403846153846154