0 0.38775510204081637 0.5018083182640144 0.0653061224489796 0.12839059674502712
0 0.2525510204081633 0.3942133815551537 0.056122448979591844 0.11211573236889692
0 0.2285714285714286 0.1609403254972875 0.014285714285714287 0.028933092224231464
0 0.40408163265306124 0.20162748643761302 0.0163265306122449 0.034358047016274866
0 0.43469387755102046 0.20343580470162748 0.014285714285714287 0.03074141048824593
0 0.4494897959183674 0.22784810126582278 0.017346938775510204 0.0433996383363472
0 0.4341836734693878 0.24864376130198915 0.01938775510204082 0.0379746835443038
0 0.5709183673469388 0.11121157323688968 0.01326530612244898 0.027124773960216998
0 0.6005102040816327 0.10578661844484628 0.01326530612244898 0.023508137432188065
0 0.6326530612244898 0.1166365280289331 0.012244897959183675 0.019891500904159132
0 0.6510204081632653 0.12386980108499096 0.010204081632653062 0.0162748643761302
0 0.6301020408163266 0.22875226039783 0.02142857142857143 0.05605786618444846
0 0.5790816326530612 0.24954792043399637 0.023469387755102045 0.0433996383363472