1 0.5898550724637681 0.4967391304347826 0.028985507246376812 0.06304347826086956
1 0.5384057971014493 0.4891304347826087 0.030434782608695653 0.06086956521739131
1 0.4891304347826087 0.4934782608695652 0.030434782608695653 0.06086956521739131
1 0.2826086956521739 0.3173913043478261 0.026086956521739132 0.052173913043478265
1 0.336231884057971 0.325 0.026086956521739132 0.058695652173913045
1 0.336231884057971 0.5054347826086957 0.03188405797101449 0.058695652173913045
1 0.38405797101449274 0.4923913043478261 0.028985507246376812 0.058695652173913045
1 0.43695652173913047 0.4847826086956522 0.030434782608695653 0.06086956521739131
1 0.4920289855072464 0.4 0.02463768115942029 0.052173913043478265
1 0.5289855072463768 0.325 0.026086956521739132 0.04565217391304348
1 0.5695652173913044 0.33369565217391306 0.02318840579710145 0.05
1 0.6217391304347826 0.32608695652173914 0.026086956521739132 0.052173913043478265
1 0.668840579710145 0.34456521739130436 0.02463768115942029 0.05
1 0.6666666666666666 0.3076086956521739 0.026086956521739132 0.03695652173913044
1 0.4905797101449275 0.3293478260869565 0.02463768115942029 0.04565217391304348
1 0.3644927536231884 0.32608695652173914 0.02753623188405797 0.052173913043478265
1 0.3927536231884058 0.3130434782608696 0.026086956521739132 0.052173913043478265
1 0.42246376811594205 0.3141304347826087 0.02463768115942029 0.05434782608695652
1 0.4543478260869565 0.32173913043478264 0.02753623188405797 0.05652173913043478
1 0.26304347826086955 0.3 0.02753623188405797 0.05652173913043478
1 0.6420289855072464 0.3521739130434783 0.026086956521739132 0.05652173913043478
1 0.3065217391304348 0.30869565217391304 0.02463768115942029 0.043478260869565216