0 0.01988862370723946 0.38928067700987307 0.02545743834526651 0.039492242595204514
0 0.26213206046141607 0.26727785613540195 0.016706443914081145 0.03808180535966149
0 0.27844073190135243 0.2630465444287729 0.022275258552108195 0.04372355430183357
0 0.3031026252983294 0.2644569816643159 0.01909307875894988 0.03526093088857546
0 0.32179793158313447 0.27856135401974613 0.02466189339697693 0.03808180535966149
0 0.33691328560063644 0.21227080394922426 0.016706443914081145 0.02679830747531735
0 0.3436754176610979 0.22073342736248236 0.017501988862370726 0.04090267983074753
0 0.3902147971360382 0.25105782792665726 0.021479713603818618 0.04231311706629055
0 0.4200477326968974 0.27080394922425954 0.023866348448687354 0.047954866008462625
0 0.40652346857597454 0.22284908321579688 0.01909307875894988 0.039492242595204514
0 0.39578361177406524 0.1861777150916784 0.01511535401750199 0.02538787023977433
0 0.41089896579156726 0.1770098730606488 0.013524264120922832 0.021156558533145273
0 0.42561654733492443 0.17842031029619182 0.015910898965791568 0.029619181946403384
0 0.43635640413683374 0.1607898448519041 0.016706443914081145 0.02538787023977433
0 0.46539379474940334 0.14104372355430184 0.012728719172633254 0.02538787023977433
0 0.46618933969769294 0.15726375176304655 0.017501988862370726 0.029619181946403384
0 0.48806682577565635 0.13540197461212977 0.011933174224343677 0.02538787023977433
0 0.49602227525855214 0.1304654442877292 0.013524264120922832 0.023977433004231313
0 0.5178997613365155 0.14033850493653033 0.012728719172633254 0.029619181946403384
0 0.522673031026253 0.1318758815232722 0.012728719172633254 0.023977433004231313
0 0.5485282418456643 0.1459802538787024 0.01511535401750199 0.03526093088857546
0 0.5875099443118537 0.11354019746121298 0.013524264120922832 0.029619181946403384
0 0.6451869530628481 0.114950634696756 0.014319809069212411 0.02679830747531735
0 0.6650755767700876 0.11283497884344146 0.012728719172633254 0.02538787023977433
0 0.6201272871917264 0.14456981664315938 0.016706443914081145 0.029619181946403384
0 0.6479713603818616 0.16502115655853314 0.01988862370723946 0.039492242595204514
0 0.5859188544152745 0.16431593794076163 0.016706443914081145 0.029619181946403384
0 0.5640413683373111 0.1607898448519041 0.012728719172633254 0.02538787023977433
0 0.5461416070007956 0.19040902679830748 0.016706443914081145 0.036671368124118475
0 0.5059665871121719 0.18829337094499293 0.01909307875894988 0.03244005641748942
0 0.48050914876690537 0.1918194640338505 0.015910898965791568 0.02538787023977433
0 0.4729514717581544 0.22919605077574048 0.01988862370723946 0.04090267983074753
0 0.44669848846459825 0.22214386459802538 0.01988862370723946 0.03244005641748942
0 0.7653142402545744 0.12129760225669957 0.012728719172633254 0.02538787023977433
0 0.7474144789180589 0.14386459802538787 0.01511535401750199 0.031029619181946404
0 0.7338902147971361 0.15585331452750353 0.013524264120922832 0.023977433004231313
0 0.7012728719172634 0.15655853314527504 0.01511535401750199 0.028208744710860365
0 0.709626093874304 0.1713681241184767 0.017501988862370726 0.03808180535966149
0 0.7386634844868736 0.18829337094499293 0.018297533810660304 0.03808180535966149
0 0.7621320604614161 0.16431593794076163 0.01909307875894988 0.029619181946403384
0 0.8027048528241846 0.1368124118476728 0.015910898965791568 0.031029619181946404
0 0.8098647573587908 0.1713681241184767 0.017501988862370726 0.03808180535966149
0 0.8261734287987271 0.15726375176304655 0.01511535401750199 0.03808180535966149
0 0.8373110580747812 0.1466854724964739 0.013524264120922832 0.03385049365303244
0 0.8663484486873508 0.14104372355430184 0.015910898965791568 0.028208744710860365
0 0.8424821002386635 0.18335684062059238 0.017501988862370726 0.03385049365303244
0 0.8703261734287988 0.20592383638928066 0.015910898965791568 0.039492242595204514
0 0.8834526650755768 0.1995768688293371 0.011933174224343677 0.03244005641748942
0 0.8217979315831345 0.21086036671368125 0.015910898965791568 0.03526093088857546
0 0.8325377883850438 0.231311706629055 0.01988862370723946 0.04231311706629055
0 0.8711217183770883 0.2454160789844852 0.01909307875894988 0.039492242595204514
0 0.9069212410501194 0.26868829337094496 0.020684168655529037 0.05218617771509168
0 0.8675417661097853 0.3004231311706629 0.021479713603818618 0.045133991537376586
0 0.7863961813842483 0.28984485190409026 0.023070803500397773 0.06629055007052186
0 0.7796340493237869 0.20874471086036672 0.01909307875894988 0.04231311706629055
0 0.7553699284009547 0.22708039492242596 0.021479713603818618 0.04231311706629055
0 0.7104216388225935 0.2157968970380818 0.020684168655529037 0.036671368124118475
0 0.6523468575974543 0.21720733427362482 0.022275258552108195 0.03385049365303244
0 0.6101829753381066 0.20592383638928066 0.022275258552108195 0.039492242595204514
0 0.6081941129673827 0.2397743300423131 0.023070803500397773 0.045133991537376586
0 0.6543357199681782 0.2559943582510578 0.023070803500397773 0.0465444287729196
0 0.7028639618138425 0.30677009873060646 0.027844073190135245 0.06346967559943582
0 0.7163882259347654 0.2849083215796897 0.02466189339697693 0.05641748942172073
0 0.7402545743834527 0.3610719322990127 0.03261734287987272 0.06488011283497884
0 0.5632458233890215 0.24894217207334274 0.01909307875894988 0.0465444287729196
0 0.5469371519490851 0.3018335684062059 0.026252983293556086 0.05077574047954866
0 0.5015910898965792 0.2997179125528914 0.023070803500397773 0.0465444287729196
0 0.6595067621320605 0.3547249647390691 0.042959427207637235 0.08321579689703808