1 0.890625 0.47831325301204825 0.08413461538461539 0.09397590361445785
1 0.7391826923076924 0.45662650602409643 0.06490384615384616 0.0746987951807229
1 0.6995192307692308 0.3987951807228916 0.057692307692307696 0.06024096385542169
0 0.6670673076923077 0.46867469879518076 0.05528846153846154 0.06987951807228916
1 0.5685096153846154 0.47469879518072294 0.06971153846153846 0.09156626506024097
1 0.5685096153846154 0.3240963855421687 0.06009615384615385 0.06506024096385543
1 0.46995192307692313 0.3060240963855422 0.05528846153846154 0.05783132530120483
1 0.49759615384615385 0.3662650602409639 0.0625 0.07228915662650603
1 0.5192307692307693 0.4373493975903615 0.06730769230769232 0.0746987951807229
1 0.4014423076923077 0.45662650602409643 0.07211538461538462 0.08433734939759037
0 0.34375 0.3590361445783133 0.038461538461538464 0.04819277108433735
1 0.31009615384615385 0.3337349397590362 0.05288461538461539 0.06506024096385543
1 0.24278846153846156 0.3385542168674699 0.05288461538461539 0.055421686746987955
0 0.2956730769230769 0.4301204819277109 0.038461538461538464 0.050602409638554224
1 0.2043269230769231 0.3759036144578314 0.057692307692307696 0.05783132530120483
1 0.1670673076923077 0.4168674698795181 0.06490384615384616 0.07228915662650603
1 0.1045673076923077 0.46385542168674704 0.06971153846153846 0.07951807228915664
1 0.2295673076923077 0.45060240963855425 0.07451923076923077 0.07710843373493977
1 0.4711538461538462 0.026506024096385545 0.05288461538461539 0.05301204819277109