1 0.6646634615384616 0.34615384615384615 0.04567307692307693 0.0625
1 0.890625 0.3509615384615385 0.07451923076923077 0.10576923076923078
1 0.47355769230769235 0.3389423076923077 0.0625 0.07692307692307693
1 0.3605769230769231 0.35216346153846156 0.11057692307692309 0.15625
1 0.13221153846153846 0.3245192307692308 0.14423076923076925 0.16346153846153846
1 0.23798076923076925 0.359375 0.07692307692307693 0.10817307692307693
1 0.02403846153846154 0.3737980769230769 0.04807692307692308 0.09375
0 0.28125 0.34615384615384615 0.04807692307692308 0.08653846153846154
0 0.59375 0.3425480769230769 0.08653846153846154 0.09855769230769232
0 0.717548076923077 0.35697115384615385 0.06009615384615385 0.0889423076923077
0 0.7764423076923077 0.32091346153846156 0.11057692307692309 0.13221153846153846