0 0.12972166998011928 0.3573943661971831 0.036779324055666 0.08802816901408451
0 0.17892644135188865 0.323943661971831 0.03379721669980119 0.08098591549295775
0 0.22713717693836977 0.397887323943662 0.04075546719681908 0.045774647887323945
0 0.2962226640159045 0.21214788732394366 0.017892644135188866 0.03345070422535212
0 0.3399602385685884 0.21390845070422534 0.019880715705765405 0.03345070422535212
0 0.36729622266401585 0.25616197183098594 0.020874751491053677 0.04401408450704226
0 0.3916500994035785 0.19190140845070422 0.015904572564612324 0.03169014084507042
0 0.41948310139165007 0.16109154929577466 0.011928429423459244 0.02640845070422535
0 0.42445328031809143 0.26672535211267606 0.019880715705765405 0.03345070422535212
0 0.44483101391650093 0.21214788732394366 0.016898608349900594 0.040492957746478875
0 0.44035785288270374 0.17341549295774647 0.013916500994035784 0.029929577464788734
0 0.42196819085487075 0.14172535211267606 0.012922465208747513 0.019366197183098594
0 0.46570576540755465 0.13028169014084506 0.010934393638170973 0.024647887323943664
0 0.4850894632206759 0.13380281690140847 0.011928429423459244 0.024647887323943664
0 0.4791252485089463 0.1698943661971831 0.015904572564612324 0.03345070422535212
0 0.5019880715705765 0.2068661971830986 0.015904572564612324 0.03345070422535212
0 0.5144135188866799 0.18221830985915494 0.014910536779324053 0.03345070422535212
0 0.5372763419483101 0.1936619718309859 0.016898608349900594 0.035211267605633804
0 0.5313121272365805 0.1558098591549296 0.012922465208747513 0.02640845070422535
0 0.514910536779324 0.12059859154929578 0.011928429423459244 0.019366197183098594
0 0.522365805168986 0.12588028169014084 0.010934393638170973 0.022887323943661973
0 0.5412524850894632 0.12852112676056338 0.012922465208747513 0.024647887323943664
0 0.581013916500994 0.11971830985915494 0.010934393638170973 0.028169014084507043
0 0.6123260437375745 0.1558098591549296 0.015904572564612324 0.02640845070422535
0 0.6038767395626242 0.12411971830985916 0.010934393638170973 0.022887323943661973
0 0.6163021868787276 0.13204225352112675 0.013916500994035784 0.028169014084507043
0 0.6093439363817097 0.11091549295774648 0.009940357852882702 0.017605633802816902
0 0.6247514910536779 0.11003521126760564 0.012922465208747513 0.022887323943661973
0 0.6376739562624254 0.09595070422535211 0.010934393638170973 0.022887323943661973
0 0.6590457256461232 0.10475352112676056 0.011928429423459244 0.022887323943661973
0 0.6819085487077534 0.10211267605633803 0.009940357852882702 0.017605633802816902
0 0.6794234592445327 0.11355633802816902 0.010934393638170973 0.022887323943661973
0 0.5825049701789263 0.17341549295774647 0.017892644135188866 0.02640845070422535
0 0.5760437375745526 0.28080985915492956 0.024850894632206758 0.0545774647887324
0 0.5859840954274353 0.2482394366197183 0.018886679920477135 0.03873239436619719
0 0.6098409542743538 0.25616197183098594 0.022862823061630216 0.04753521126760563
0 0.6476143141153081 0.20598591549295775 0.016898608349900594 0.035211267605633804
0 0.6590457256461232 0.19982394366197184 0.015904572564612324 0.03345070422535212
0 0.6868787276341948 0.25440140845070425 0.019880715705765405 0.040492957746478875
0 0.7102385685884691 0.1936619718309859 0.016898608349900594 0.035211267605633804
0 0.7007952286282305 0.16549295774647887 0.015904572564612324 0.03169014084507042
0 0.7301192842942346 0.1487676056338028 0.012922465208747513 0.02640845070422535
0 0.753976143141153 0.1329225352112676 0.010934393638170973 0.02640845070422535
0 0.779821073558648 0.07658450704225352 0.010934393638170973 0.022887323943661973
0 0.7962226640159045 0.1522887323943662 0.013916500994035784 0.029929577464788734
0 0.7440357852882703 0.1875 0.018886679920477135 0.029929577464788734
0 0.750497017892644 0.19806338028169015 0.021868787276341946 0.03345070422535212
0 0.7837972166998011 0.2165492957746479 0.016898608349900594 0.03169014084507042
0 0.750497017892644 0.2658450704225352 0.019880715705765405 0.056338028169014086
0 0.7644135188866799 0.2693661971830986 0.017892644135188866 0.035211267605633804
0 0.8011928429423458 0.27992957746478875 0.02385685884691849 0.045774647887323945
0 0.7196819085487077 0.2306338028169014 0.017892644135188866 0.03169014084507042
0 0.8479125248508945 0.31954225352112675 0.021868787276341946 0.04753521126760563
0 0.9145129224652087 0.3459507042253521 0.021868787276341946 0.051056338028169015
0 0.9309145129224651 0.3107394366197183 0.022862823061630216 0.04753521126760563
0 0.86779324055666 0.2852112676056338 0.021868787276341946 0.04929577464788733
0 0.923459244532803 0.24735915492957747 0.015904572564612324 0.04401408450704226
0 0.9413518886679919 0.23855633802816903 0.013916500994035784 0.03345070422535212
0 0.9448310139165009 0.2130281690140845 0.014910536779324053 0.024647887323943664
0 0.9398608349900596 0.18485915492957747 0.014910536779324053 0.028169014084507043
0 0.9070576540755466 0.17165492957746478 0.014910536779324053 0.029929577464788734
0 0.8916500994035784 0.22799295774647887 0.017892644135188866 0.03345070422535212
0 0.8588469184890655 0.19542253521126762 0.015904572564612324 0.028169014084507043
0 0.8419483101391649 0.23415492957746478 0.017892644135188866 0.03873239436619719
0 0.8479125248508945 0.2068661971830986 0.015904572564612324 0.02640845070422535
0 0.8499005964214711 0.1487676056338028 0.013916500994035784 0.02640845070422535