0 0.037014563106796114 0.36595744680851067 0.025485436893203883 0.055319148936170216
0 0.0558252427184466 0.37127659574468086 0.02669902912621359 0.07021276595744681
0 0.07160194174757281 0.3021276595744681 0.01699029126213592 0.05106382978723405
0 0.4302184466019417 0.25106382978723407 0.0279126213592233 0.055319148936170216
0 0.3847087378640776 0.2042553191489362 0.019417475728155338 0.029787234042553193
0 0.45449029126213586 0.22340425531914895 0.023058252427184463 0.03829787234042553
0 0.4805825242718446 0.17872340425531916 0.021844660194174755 0.05106382978723405
0 0.5006067961165048 0.20851063829787234 0.020631067961165046 0.03829787234042553
0 0.5315533980582524 0.26595744680851063 0.03155339805825243 0.07659574468085106
0 0.5904126213592232 0.24680851063829787 0.025485436893203883 0.05106382978723405
0 0.6917475728155339 0.18085106382978725 0.019417475728155338 0.03829787234042553
0 0.5703883495145631 0.1351063829787234 0.01699029126213592 0.031914893617021274