1 0.06689944134078211 0.36888888888888893 0.010893854748603351 0.016
1 0.09189944134078211 0.366 0.01005586592178771 0.015555555555555557
1 0.1206703910614525 0.36044444444444446 0.009497206703910613 0.017777777777777778
1 0.15223463687150837 0.36200000000000004 0.009497206703910613 0.017333333333333333
1 0.17723463687150837 0.3571111111111111 0.010335195530726256 0.017333333333333333
1 0.16452513966480445 0.3211111111111111 0.008938547486033519 0.016444444444444446
1 0.13198324022346367 0.32333333333333336 0.009217877094972066 0.016444444444444446
1 0.10293296089385474 0.3224444444444445 0.009217877094972066 0.016444444444444446
1 0.07751396648044692 0.32333333333333336 0.009217877094972066 0.016444444444444446
1 0.18603351955307262 0.31733333333333336 0.008379888268156424 0.016
1 0.08952513966480447 0.29044444444444445 0.008659217877094972 0.019111111111111113
1 0.11438547486033518 0.28511111111111115 0.00977653631284916 0.018222222222222223
1 0.12360335195530725 0.25466666666666665 0.008659217877094972 0.016
1 0.09301675977653631 0.25333333333333335 0.009497206703910613 0.01688888888888889
1 0.10027932960893854 0.22755555555555557 0.011173184357541898 0.016
1 0.11047486033519552 0.19955555555555557 0.010335195530726256 0.016
1 0.14064245810055864 0.2026666666666667 0.010335195530726256 0.015111111111111112
1 0.1324022346368715 0.22844444444444445 0.008938547486033519 0.017777777777777778
1 0.1589385474860335 0.23422222222222222 0.008938547486033519 0.015111111111111112
1 0.1850558659217877 0.22866666666666668 0.009217877094972066 0.017333333333333333
1 0.16927374301675976 0.19866666666666669 0.008379888268156424 0.01688888888888889
1 0.19371508379888266 0.19977777777777778 0.008659217877094972 0.015555555555555557
1 0.21256983240223462 0.20111111111111113 0.009497206703910613 0.016444444444444446
1 0.20963687150837987 0.2308888888888889 0.009217877094972066 0.015555555555555557
1 0.20293296089385474 0.3651111111111111 0.009217877094972066 0.017333333333333333
1 0.2152234636871508 0.3166666666666667 0.00977653631284916 0.016444444444444446
1 0.2377094972067039 0.3608888888888889 0.01005586592178771 0.017777777777777778
1 0.23477653631284914 0.39622222222222225 0.00977653631284916 0.015555555555555557
1 0.2604748603351955 0.39511111111111114 0.009217877094972066 0.01688888888888889
1 0.26298882681564245 0.3626666666666667 0.008659217877094972 0.017777777777777778
1 0.24888268156424578 0.31933333333333336 0.009497206703910613 0.015555555555555557
1 0.2689944134078212 0.31822222222222224 0.008938547486033519 0.01688888888888889
1 0.22723463687150836 0.4297777777777778 0.00977653631284916 0.01688888888888889
1 0.24860335195530725 0.4326666666666667 0.009497206703910613 0.012888888888888889
1 0.2243016759776536 0.4613333333333334 0.009497206703910613 0.018666666666666668
1 0.24329608938547484 0.4708888888888889 0.009497206703910613 0.014666666666666668
1 0.21843575418994413 0.504 0.011173184357541898 0.017777777777777778
1 0.23156424581005586 0.4966666666666667 0.01005586592178771 0.019111111111111113
1 0.23547486033519552 0.5306666666666667 0.010614525139664804 0.019555555555555555
1 0.2083798882681564 0.5264444444444445 0.011731843575418994 0.018222222222222223
1 0.17053072625698323 0.5166666666666667 0.010893854748603351 0.015555555555555557
1 0.16270949720670388 0.5382222222222223 0.011452513966480445 0.018666666666666668
1 0.1420391061452514 0.5144444444444445 0.010893854748603351 0.019111111111111113
1 0.1371508379888268 0.5453333333333333 0.012290502793296089 0.017777777777777778
1 0.11564245810055865 0.5104444444444445 0.010614525139664804 0.018222222222222223
1 0.1079608938547486 0.5457777777777778 0.011452513966480445 0.015111111111111112
1 0.5272346368715083 0.446 0.00977653631284916 0.015555555555555557
1 0.5269553072625698 0.508 0.008659217877094972 0.017777777777777778
1 0.4423184357541899 0.5124444444444445 0.008659217877094972 0.018666666666666668
1 0.4455307262569832 0.4391111111111111 0.008938547486033519 0.018666666666666668
1 0.9100558659217877 0.5173333333333333 0.013407821229050279 0.019555555555555555
1 0.8805865921787709 0.5184444444444445 0.010893854748603351 0.019111111111111113
1 0.8973463687150838 0.4728888888888889 0.010893854748603351 0.021333333333333336
1 0.8666201117318435 0.4748888888888889 0.010335195530726256 0.02
1 0.8861731843575418 0.4335555555555556 0.00977653631284916 0.02
1 0.8579608938547485 0.4351111111111111 0.00977653631284916 0.016
1 0.8539106145251396 0.40044444444444444 0.010614525139664804 0.017777777777777778
1 0.8738826815642458 0.406 0.010335195530726256 0.017333333333333333
1 0.8939944134078212 0.36844444444444446 0.010335195530726256 0.018666666666666668
1 0.9159217877094972 0.36133333333333334 0.011173184357541898 0.016
1 0.9388268156424581 0.36444444444444446 0.01005586592178771 0.015111111111111112
1 0.9229050279329608 0.32866666666666666 0.01005586592178771 0.017333333333333333
1 0.902094972067039 0.3304444444444445 0.010335195530726256 0.016444444444444446
1 0.8829608938547485 0.33 0.011173184357541898 0.015555555555555557
1 0.8670391061452514 0.366 0.010614525139664804 0.019111111111111113
1 0.8575418994413407 0.33533333333333337 0.01005586592178771 0.016444444444444446
1 0.8405027932960893 0.37022222222222223 0.01005586592178771 0.018666666666666668
1 0.8293296089385475 0.3373333333333334 0.011173184357541898 0.017777777777777778
1 0.8442737430167597 0.30622222222222223 0.009217877094972066 0.017777777777777778
1 0.8223463687150837 0.3066666666666667 0.008938547486033519 0.01688888888888889
1 0.8412011173184357 0.2857777777777778 0.009217877094972066 0.016
1 0.6814245810055866 0.1857777777777778 0.008100558659217877 0.015111111111111112
1 0.7005586592178771 0.1837777777777778 0.007821229050279328 0.016444444444444446
1 0.7097765363128491 0.22111111111111112 0.007821229050279328 0.019111111111111113
1 0.7241620111731844 0.2826666666666667 0.009217877094972066 0.017777777777777778
1 0.7241620111731844 0.31377777777777777 0.010335195530726256 0.020444444444444446
1 0.7043296089385475 0.3097777777777778 0.010335195530726256 0.018666666666666668
1 0.708659217877095 0.33355555555555555 0.010614525139664804 0.018222222222222223
1 0.696927374301676 0.28933333333333333 0.008379888268156424 0.01688888888888889
1 0.6955307262569832 0.2617777777777778 0.007821229050279328 0.016
1 0.6909217877094972 0.24133333333333334 0.008100558659217877 0.017777777777777778
1 0.6829608938547486 0.22111111111111112 0.008379888268156424 0.016444444444444446
1 0.7160614525139665 0.24644444444444447 0.008659217877094972 0.017333333333333333
1 0.7201117318435754 0.25377777777777777 0.0067039106145251395 0.017777777777777778
1 0.7136871508379887 0.3726666666666667 0.008938547486033519 0.018222222222222223
1 0.7414804469273742 0.368 0.009217877094972066 0.018666666666666668
1 0.7756983240223463 0.37222222222222223 0.008938547486033519 0.019111111111111113
1 0.7682960893854748 0.33622222222222226 0.00977653631284916 0.017333333333333333
1 0.7389664804469274 0.33622222222222226 0.008659217877094972 0.017333333333333333
1 0.8153631284916201 0.2808888888888889 0.008938547486033519 0.019555555555555555
1 0.8037709497206703 0.372 0.008659217877094972 0.018666666666666668
1 0.7986033519553072 0.33711111111111114 0.009497206703910613 0.019111111111111113
1 0.8099162011173183 0.25377777777777777 0.008100558659217877 0.018666666666666668
1 0.83268156424581 0.25 0.008379888268156424 0.019111111111111113
1 0.8275139664804468 0.2326666666666667 0.008100558659217877 0.016444444444444446
1 0.820391061452514 0.20755555555555558 0.008379888268156424 0.01688888888888889
1 0.8022346368715083 0.22555555555555556 0.008938547486033519 0.017333333333333333
1 0.7923184357541899 0.21066666666666667 0.008659217877094972 0.017777777777777778
1 0.7837988826815642 0.18822222222222224 0.009497206703910613 0.019111111111111113
1 0.8129888268156424 0.18333333333333335 0.00977653631284916 0.017333333333333333
1 0.9405027932960893 0.7733333333333333 0.016201117318435754 0.022222222222222223
1 0.9256983240223463 0.8255555555555556 0.015083798882681562 0.02088888888888889
1 0.9212290502793296 0.8664444444444445 0.015642458100558657 0.023555555555555555
1 0.8758379888268155 0.7471111111111112 0.015921787709497204 0.022222222222222223
1 0.5425977653631284 0.932 0.012569832402234636 0.024
1 0.5103351955307263 0.7571111111111112 0.014525139664804468 0.023555555555555555
1 0.48687150837988824 0.7691111111111112 0.011173184357541898 0.02266666666666667
1 0.46592178770949716 0.754 0.01005586592178771 0.023555555555555555
1 0.44036312849162007 0.7624444444444445 0.011452513966480445 0.02088888888888889
1 0.42360335195530724 0.8702222222222222 0.01312849162011173 0.021333333333333336
1 0.43254189944134075 0.7295555555555556 0.012569832402234636 0.019111111111111113
1 0.014944134078212289 0.7553333333333334 0.0164804469273743 0.02266666666666667
1 0.09986033519553071 0.7448888888888889 0.015921787709497204 0.018666666666666668
1 0.0797486033519553 0.5155555555555555 0.010335195530726256 0.018666666666666668
1 0.07150837988826815 0.548 0.012290502793296089 0.018666666666666668
1 0.04064245810055866 0.5522222222222223 0.011452513966480445 0.02
1 0.016201117318435754 0.5471111111111111 0.014525139664804468 0.022222222222222223
1 0.03519553072625698 0.5111111111111112 0.013407821229050279 0.017777777777777778
1 0.236731843575419 0.2346666666666667 0.008659217877094972 0.016
1 0.2403631284916201 0.20822222222222223 0.008659217877094972 0.018222222222222223
1 0.2662011173184357 0.232 0.008379888268156424 0.01688888888888889
1 0.28477653631284916 0.2326666666666667 0.008100558659217877 0.015555555555555557
1 0.28938547486033517 0.20400000000000001 0.007821229050279328 0.016
1 0.2689944134078212 0.2048888888888889 0.008379888268156424 0.016