1 0.15625 0.4879807692307693 0.04326923076923077 0.05288461538461539
1 0.21033653846153846 0.4759615384615385 0.04567307692307693 0.04807692307692308
1 0.2776442307692308 0.5 0.03605769230769231 0.0625
1 0.24278846153846156 0.4254807692307693 0.03365384615384616 0.04807692307692308
1 0.35336538461538464 0.3762019230769231 0.038461538461538464 0.06009615384615385
1 0.37980769230769235 0.4987980769230769 0.04326923076923077 0.06009615384615385
1 0.4651442307692308 0.4915865384615385 0.03605769230769231 0.06009615384615385
1 0.45793269230769235 0.35697115384615385 0.03605769230769231 0.05528846153846154
1 0.5216346153846154 0.234375 0.028846153846153848 0.04567307692307693
1 0.5132211538461539 0.4807692307692308 0.040865384615384616 0.0625
1 0.578125 0.48918269230769235 0.03605769230769231 0.06009615384615385
1 0.6430288461538461 0.4747596153846154 0.04567307692307693 0.06009615384615385
1 0.6117788461538461 0.35216346153846156 0.040865384615384616 0.06009615384615385
1 0.7151442307692308 0.3701923076923077 0.040865384615384616 0.0625
1 0.7379807692307693 0.5084134615384616 0.04807692307692308 0.05528846153846154
1 0.8052884615384616 0.5048076923076923 0.04326923076923077 0.057692307692307696