1 0.8166666666666667 0.26153846153846155 0.3101449275362319 0.44497041420118344
1 0.9699275362318841 0.22071005917159764 0.058695652173913045 0.13136094674556212
1 0.6380434782608696 0.2710059171597633 0.03695652173913044 0.07810650887573965
1 0.5134057971014493 0.31005917159763313 0.1934782608695652 0.31479289940828403
1 0.39094202898550723 0.2443786982248521 0.1471014492753623 0.2331360946745562
1 0.32681159420289857 0.13313609467455623 0.13768115942028986 0.23076923076923078
1 0.2898550724637681 0.27692307692307694 0.059420289855072465 0.09940828402366864
1 0.188768115942029 0.3 0.025362318840579712 0.06035502958579882
1 0.16086956521739132 0.30355029585798815 0.03768115942028986 0.08875739644970414
1 0.10652173913043478 0.27692307692307694 0.0391304347826087 0.06863905325443787
0 0.2391304347826087 0.29526627218934914 0.0536231884057971 0.09822485207100592
1 0.6641304347826087 0.2698224852071006 0.04420289855072464 0.09230769230769231