1 0.6802083333333333 0.2703125 0.35625 0.540625
1 0.8604166666666666 0.13593750000000002 0.029166666666666667 0.053125000000000006
1 0.85625 0.1921875 0.025 0.059375000000000004
1 0.8802083333333334 0.3046875 0.035416666666666666 0.07187500000000001
1 0.90625 0.375 0.0375 0.05625
1 0.9385416666666666 0.31875000000000003 0.035416666666666666 0.06875
1 0.9166666666666666 0.2703125 0.0375 0.065625
1 0.9260416666666667 0.19062500000000002 0.03125 0.0625
1 0.965625 0.2625 0.035416666666666666 0.0625
1 0.915625 0.1328125 0.027083333333333334 0.059375000000000004
1 0.9635416666666666 0.1484375 0.03125 0.059375000000000004
1 0.9885416666666667 0.19687500000000002 0.01875 0.05
1 0.94375 0.0890625 0.029166666666666667 0.046875
1 0.9625 0.0328125 0.03333333333333333 0.059375000000000004
0 0.20416666666666666 0.3921875 0.4083333333333333 0.7718750000000001
0 0.33125 0.7171875000000001 0.10416666666666667 0.178125
0 0.46041666666666664 0.08125 0.03333333333333333 0.0625
0 0.425 0.0421875 0.03333333333333333 0.059375000000000004