0 0.125814332247557 0.6285178236397748 0.02687296416938111 0.07129455909943715
0 0.0745114006514658 0.5375234521575984 0.021986970684039087 0.058161350844277676
0 0.0741042345276873 0.44652908067542213 0.017915309446254073 0.05628517823639775
0 0.19340390879478828 0.46153846153846156 0.018729641693811076 0.0675422138836773
0 0.23452768729641696 0.3874296435272045 0.016286644951140065 0.05065666041275797
0 0.2414495114006515 0.3123827392120075 0.018729641693811076 0.039399624765478425
0 0.1701954397394137 0.27392120075046905 0.01465798045602606 0.0375234521575985
0 0.1787459283387622 0.18574108818011256 0.013843648208469056 0.03377110694183865
0 0.16245928338762217 0.18761726078799248 0.012214983713355049 0.0300187617260788
0 0.11197068403908796 0.21013133208255158 0.015472312703583062 0.0375234521575985
0 0.03623778501628665 0.19418386491557224 0.013843648208469056 0.028142589118198873
0 0.04153094462540717 0.2570356472795497 0.01465798045602606 0.04127579737335835
0 0.1966612377850163 0.12851782363977485 0.010586319218241044 0.03189493433395872
0 0.2231270358306189 0.14165103189493433 0.011400651465798045 0.028142589118198873
0 0.24511400651465798 0.11632270168855535 0.011400651465798045 0.0375234521575985
0 0.2984527687296417 0.14352720450281425 0.010586319218241044 0.028142589118198873
0 0.2992671009771987 0.1697936210131332 0.015472312703583062 0.039399624765478425
0 0.28827361563517917 0.2045028142589118 0.013029315960912053 0.04127579737335835
0 0.3155537459283388 0.24390243902439024 0.015472312703583062 0.0375234521575985
0 0.3574918566775244 0.21482176360225141 0.01465798045602606 0.043151969981238276
0 0.3754071661237785 0.17917448405253283 0.01465798045602606 0.039399624765478425
0 0.4140879478827362 0.1697936210131332 0.013843648208469056 0.039399624765478425
0 0.35993485342019543 0.08536585365853659 0.00977198697068404 0.03189493433395872
0 0.4035016286644951 0.09099437148217636 0.010586319218241044 0.028142589118198873
0 0.43403908794788276 0.0947467166979362 0.011400651465798045 0.024390243902439025
0 0.45765472312703587 0.14165103189493433 0.013029315960912053 0.028142589118198873
0 0.4670195439739414 0.13227016885553472 0.012214983713355049 0.028142589118198873
0 0.4816775244299675 0.075046904315197 0.010586319218241044 0.0300187617260788
0 0.501628664495114 0.04127579737335835 0.013029315960912053 0.0300187617260788
0 0.5260586319218241 0.07879924953095685 0.00977198697068404 0.0225140712945591
0 0.502442996742671 0.17823639774859287 0.013029315960912053 0.0375234521575985
0 0.49348534201954397 0.22889305816135083 0.013029315960912053 0.04127579737335835
0 0.48004885993485347 0.3030018761726079 0.018729641693811076 0.039399624765478425
0 0.5480456026058632 0.1772983114446529 0.013029315960912053 0.028142589118198873
0 0.5728827361563518 0.2045028142589118 0.015472312703583062 0.03377110694183865
0 0.5618892508143323 0.32082551594746717 0.017915309446254073 0.04878048780487805
0 0.5264657980456027 0.4831144465290807 0.02687296416938111 0.054409005628517824
0 0.6881107491856678 0.3517823639774859 0.01954397394136808 0.04690431519699812
0 0.7141693811074918 0.28330206378986866 0.01465798045602606 0.0375234521575985
0 0.6327361563517916 0.25328330206378985 0.01465798045602606 0.0300187617260788
0 0.6494299674267101 0.14915572232645402 0.010586319218241044 0.028142589118198873
0 0.5798045602605864 0.14915572232645402 0.011400651465798045 0.024390243902439025
0 0.5985342019543974 0.14446529080675422 0.011400651465798045 0.026266416510318948
0 0.6229641693811075 0.11350844277673545 0.011400651465798045 0.028142589118198873
0 0.5903908794788274 0.09568480300187618 0.00977198697068404 0.0225140712945591
0 0.7048045602605864 0.22889305816135083 0.012214983713355049 0.03377110694183865
0 0.7145765472312704 0.21669793621013134 0.010586319218241044 0.03189493433395872
0 0.7324918566775245 0.21575984990619138 0.012214983713355049 0.0300187617260788
0 0.7772801302931597 0.2129455909943715 0.013843648208469056 0.03189493433395872
0 0.8175895765472313 0.2401500938086304 0.01465798045602606 0.0375234521575985
0 0.7768729641693811 0.3705440900562852 0.021172638436482087 0.058161350844277676
0 0.8587133550488599 0.28330206378986866 0.013843648208469056 0.03377110694183865
0 0.9295602605863192 0.3818011257035647 0.015472312703583062 0.039399624765478425