0 0.27325581395348836 0.3888888888888889 0.05391120507399577 0.12260536398467432
0 0.3773784355179704 0.5153256704980843 0.06342494714587738 0.14559386973180075
0 0.36575052854122625 0.20593869731800765 0.021141649048625793 0.05555555555555555
0 0.4090909090909091 0.24808429118773945 0.021141649048625793 0.05172413793103448
0 0.44608879492600423 0.1982758620689655 0.014799154334038056 0.036398467432950186
0 0.47568710359408034 0.22030651340996169 0.014799154334038056 0.042145593869731796
0 0.4878435517970402 0.20977011494252873 0.017970401691331926 0.044061302681992334
0 0.5840380549682875 0.24712643678160917 0.024312896405919663 0.04980842911877394
0 0.6157505285412262 0.2375478927203065 0.024312896405919663 0.053639846743295014
0 0.580338266384778 0.1082375478927203 0.012684989429175477 0.02490421455938697
0 0.6099365750528541 0.10153256704980843 0.010570824524312896 0.022988505747126436
0 0.6416490486257929 0.11685823754789272 0.010570824524312896 0.026819923371647507
0 0.6590909090909092 0.11685823754789272 0.011627906976744186 0.019157088122605363