0 0.7071269487750557 0.29092702169625245 0.03340757238307349 0.0650887573964497
0 0.8780623608017817 0.26528599605522685 0.01893095768374165 0.04142011834319527
0 0.8830734966592427 0.2317554240631164 0.020044543429844096 0.037475345167652864
0 0.920935412026726 0.26528599605522685 0.017817371937639197 0.03353057199211046
0 0.9365256124721603 0.22189349112426038 0.013363028953229397 0.03353057199211046
0 0.9432071269487751 0.17357001972386588 0.013363028953229397 0.03155818540433925
0 0.9120267260579065 0.1775147928994083 0.013363028953229397 0.03155818540433925
0 0.9008908685968819 0.21203155818540434 0.011135857461024499 0.025641025641025644
0 0.8530066815144766 0.19625246548323472 0.017817371937639197 0.037475345167652864
0 0.8841870824053452 0.15483234714003946 0.013363028953229397 0.02958579881656805
0 0.8608017817371937 0.14398422090729784 0.013363028953229397 0.027613412228796846
0 0.8324053452115813 0.1351084812623274 0.012249443207126948 0.021696252465483234
0 0.8363028953229398 0.16469428007889547 0.015590200445434297 0.02958579881656805
0 0.8157015590200445 0.1863905325443787 0.014476614699331848 0.037475345167652864
0 0.8028953229398663 0.16370808678500987 0.015590200445434297 0.027613412228796846
0 0.8112472160356347 0.15483234714003946 0.016703786191536747 0.02958579881656805
0 0.7984409799554565 0.13313609467455623 0.015590200445434297 0.02958579881656805
0 0.782293986636971 0.15187376725838264 0.016703786191536747 0.03550295857988166
0 0.7611358574610244 0.1351084812623274 0.010022271714922048 0.02958579881656805
0 0.7427616926503341 0.14694280078895464 0.015590200445434297 0.025641025641025644
0 0.737750556792873 0.1715976331360947 0.016703786191536747 0.03155818540433925
0 0.7678173719376392 0.1775147928994083 0.012249443207126948 0.027613412228796846
0 0.7817371937639198 0.20414201183431954 0.017817371937639197 0.045364891518737675
0 0.717706013363029 0.15088757396449706 0.012249443207126948 0.025641025641025644
0 0.6954342984409799 0.16765285996055226 0.014476614699331848 0.03155818540433925
0 0.7138084632516704 0.19230769230769232 0.015590200445434297 0.025641025641025644
0 0.7266146993318485 0.21794871794871795 0.01893095768374165 0.037475345167652864
0 0.6631403118040089 0.19329388560157792 0.01893095768374165 0.03550295857988166
0 0.6564587973273942 0.2366863905325444 0.021158129175946547 0.04339250493096647
0 0.6369710467706013 0.20611439842209073 0.020044543429844096 0.04142011834319527
0 0.5946547884187082 0.21992110453648916 0.020044543429844096 0.04142011834319527
0 0.6275055679287305 0.16962524654832348 0.016703786191536747 0.03550295857988166
0 0.6636971046770601 0.13609467455621302 0.015590200445434297 0.03155818540433925
0 0.6670378619153674 0.11735700197238659 0.013363028953229397 0.01775147928994083
0 0.6876391982182628 0.10650887573964497 0.012249443207126948 0.027613412228796846
0 0.710467706013363 0.11439842209072978 0.013363028953229397 0.015779092702169626
0 0.6230512249443206 0.10355029585798817 0.010022271714922048 0.013806706114398423
0 0.6286191536748329 0.1222879684418146 0.010022271714922048 0.02366863905325444
0 0.594097995545657 0.13412228796844183 0.012249443207126948 0.027613412228796846
0 0.5851893095768373 0.11538461538461539 0.012249443207126948 0.01775147928994083
0 0.5729398663697104 0.14102564102564102 0.016703786191536747 0.02958579881656805
0 0.5451002227171492 0.1351084812623274 0.012249443207126948 0.025641025641025644
0 0.5250556792873051 0.1222879684418146 0.012249443207126948 0.02366863905325444
0 0.5055679287305123 0.1252465483234714 0.013363028953229397 0.021696252465483234
0 0.48608017817371935 0.1351084812623274 0.014476614699331848 0.021696252465483234
0 0.4738307349665924 0.1291913214990138 0.012249443207126948 0.021696252465483234
0 0.4760579064587973 0.15187376725838264 0.014476614699331848 0.02366863905325444
0 0.46826280623608013 0.17061143984220908 0.012249443207126948 0.025641025641025644
0 0.5005567928730512 0.18836291913214992 0.01893095768374165 0.02958579881656805
0 0.45601336302895323 0.20808678500986194 0.016703786191536747 0.037475345167652864
0 0.43930957683741645 0.16666666666666669 0.014476614699331848 0.02958579881656805
0 0.44599109131403114 0.14398422090729784 0.012249443207126948 0.027613412228796846
0 0.4315144766146993 0.15187376725838264 0.012249443207126948 0.02366863905325444
0 0.4181514476614699 0.1715976331360947 0.014476614699331848 0.03155818540433925
0 0.3758351893095768 0.1804733727810651 0.014476614699331848 0.025641025641025644
0 0.3669265033407572 0.20019723865877714 0.016703786191536747 0.02958579881656805
0 0.32461024498886415 0.21301775147928995 0.016703786191536747 0.02366863905325444
0 0.5384187082405345 0.22386587771203156 0.01893095768374165 0.02958579881656805
0 0.5066815144766147 0.15483234714003946 0.017817371937639197 0.01775147928994083
0 0.5428730512249443 0.1854043392504931 0.016703786191536747 0.027613412228796846
0 0.5734966592427617 0.1873767258382643 0.020044543429844096 0.027613412228796846