1 0.31093750000000003 0.42291666666666666 0.1 0.1375
1 0.31562500000000004 0.3104166666666667 0.07187500000000001 0.0875
0 0.5945312500000001 0.4395833333333333 0.0859375 0.12083333333333333
0 0.7250000000000001 0.49583333333333335 0.14375000000000002 0.22083333333333333
0 0.7898437500000001 0.39375 0.045312500000000006 0.07916666666666666
0 0.8984375 0.4395833333333333 0.0625 0.09583333333333333
0 0.66171875 0.38229166666666664 0.0390625 0.06041666666666667
0 0.6328125 0.3489583333333333 0.03125 0.04375
0 0.6195312500000001 0.36666666666666664 0.0234375 0.041666666666666664
0 0.5375 0.3729166666666667 0.053125000000000006 0.09166666666666666
0 0.48828125 0.359375 0.045312500000000006 0.07708333333333334
0 0.44609375 0.3520833333333333 0.0390625 0.0625
0 0.38984375000000004 0.3302083333333333 0.0328125 0.052083333333333336
0 0.41171875 0.6364583333333333 0.17343750000000002 0.21458333333333332