0 0.11666666666666667 0.3445171849427169 0.024074074074074074 0.05400981996726678
0 0.1564814814814815 0.3060556464811784 0.020370370370370372 0.0458265139116203
0 0.20601851851851852 0.2872340425531915 0.019444444444444445 0.04746317512274959
0 0.19490740740740742 0.3486088379705401 0.028703703703703703 0.05564648117839607
0 0.20231481481481484 0.3952536824877251 0.032407407407407406 0.08019639934533553
0 0.19074074074074074 0.47299509001636664 0.037037037037037035 0.0851063829787234
0 0.2662037037037037 0.3126022913256956 0.032407407407407406 0.06546644844517185
0 0.35694444444444445 0.1702127659574468 0.01388888888888889 0.03600654664484452
0 0.4300925925925926 0.16448445171849427 0.026851851851851852 0.04091653027823241
0 0.5671296296296297 0.12356792144026187 0.021296296296296296 0.044189852700491
0 0.6685185185185185 0.1072013093289689 0.016666666666666666 0.04091653027823241
0 0.7152777777777778 0.11702127659574468 0.021296296296296296 0.04091653027823241
0 0.7375 0.09001636661211129 0.02314814814814815 0.03927986906710311
0 0.788888888888889 0.23731587561374798 0.03888888888888889 0.08183306055646482
0 0.9370370370370371 0.2986906710310966 0.040740740740740744 0.09328968903436989