1 0.8954326923076924 0.45421686746987955 0.040865384615384616 0.055421686746987955
1 0.7247596153846154 0.45783132530120485 0.03605769230769231 0.04819277108433735
1 0.6947115384615385 0.45662650602409643 0.02403846153846154 0.026506024096385545
1 0.6442307692307693 0.4481927710843374 0.03365384615384616 0.03855421686746988
1 0.5504807692307693 0.44939759036144583 0.028846153846153848 0.04096385542168675
1 0.5216346153846154 0.45301204819277113 0.028846153846153848 0.03855421686746988
1 0.4723557692307693 0.44698795180722894 0.026442307692307696 0.03132530120481928
0 0.4435096153846154 0.4590361445783133 0.021634615384615384 0.026506024096385545
1 0.4122596153846154 0.4590361445783133 0.01682692307692308 0.03132530120481928
1 0.3930288461538462 0.46024096385542174 0.026442307692307696 0.03855421686746988
1 0.3161057692307693 0.4590361445783133 0.021634615384615384 0.03132530120481928