0 0.08653846153846154 0.47355769230769235 0.03365384615384616 0.038461538461538464
0 0.23317307692307693 0.4495192307692308 0.04326923076923077 0.05288461538461539
0 0.2800480769230769 0.4711538461538462 0.05528846153846154 0.0625
0 0.3713942307692308 0.43870192307692313 0.04567307692307693 0.05528846153846154
0 0.44591346153846156 0.4555288461538462 0.026442307692307696 0.03125
0 0.47836538461538464 0.46634615384615385 0.04326923076923077 0.04807692307692308
0 0.5192307692307693 0.44711538461538464 0.03365384615384616 0.038461538461538464
0 0.6322115384615385 0.46274038461538464 0.04807692307692308 0.05528846153846154
0 0.6778846153846154 0.4591346153846154 0.03365384615384616 0.038461538461538464
0 0.701923076923077 0.4483173076923077 0.019230769230769232 0.026442307692307696
0 0.7391826923076924 0.46875 0.026442307692307696 0.03365384615384616
0 0.7788461538461539 0.46634615384615385 0.03365384615384616 0.03365384615384616
0 0.9459134615384616 0.4567307692307693 0.03125 0.03365384615384616