0 0.06370192307692309 0.34375 0.10817307692307693 0.1201923076923077
0 0.15985576923076925 0.33653846153846156 0.04567307692307693 0.07692307692307693
0 0.2295673076923077 0.3545673076923077 0.12259615384615385 0.14182692307692307
0 0.3353365384615385 0.3557692307692308 0.07451923076923077 0.09615384615384616
0 0.3942307692307693 0.39903846153846156 0.057692307692307696 0.07692307692307693
0 0.4603365384615385 0.3762019230769231 0.04567307692307693 0.040865384615384616
0 0.3966346153846154 0.3473557692307693 0.04807692307692308 0.03125
0 0.5228365384615384 0.38461538461538464 0.03605769230769231 0.03365384615384616
0 0.5661057692307693 0.33653846153846156 0.06009615384615385 0.09134615384615385
0 0.6225961538461539 0.3401442307692308 0.08173076923076923 0.10817307692307693
0 0.6971153846153847 0.3737980769230769 0.06730769230769232 0.06971153846153846
0 0.7872596153846154 0.3930288461538462 0.03125 0.06490384615384616
0 0.8257211538461539 0.3545673076923077 0.07932692307692309 0.08413461538461539
0 0.8978365384615385 0.4122596153846154 0.0889423076923077 0.09855769230769232