1 0.21363636363636362 0.14171122994652405 0.06727272727272728 0.10695187165775401
1 0.33636363636363636 0.12032085561497326 0.08727272727272728 0.1443850267379679
1 0.37636363636363634 0.18850267379679142 0.03272727272727273 0.07219251336898395
1 0.06454545454545454 0.13636363636363635 0.06727272727272728 0.1283422459893048
1 0.12272727272727273 0.17780748663101603 0.05272727272727273 0.09893048128342245
1 0.2972727272727273 0.5133689839572192 0.19818181818181818 0.34759358288770054
1 0.4490909090909091 0.47727272727272724 0.14545454545454545 0.2647058823529412
1 0.5154545454545455 0.1497326203208556 0.06727272727272728 0.11764705882352941
0 0.6618181818181819 0.19652406417112298 0.08363636363636363 0.16310160427807485
0 0.7172727272727273 0.22593582887700533 0.04181818181818182 0.10427807486631016
0 0.7772727272727272 0.14037433155080212 0.18 0.24331550802139035
0 0.6145454545454545 0.18449197860962566 0.05818181818181818 0.1550802139037433
0 0.2609090909090909 0.1764705882352941 0.06363636363636363 0.10695187165775401