0 0.05048076923076923 0.4879807692307693 0.05288461538461539 0.07211538461538462
0 0.1983173076923077 0.48197115384615385 0.07932692307692309 0.10817307692307693
0 0.2620192307692308 0.5084134615384616 0.04807692307692308 0.06490384615384616
0 0.34134615384615385 0.49399038461538464 0.10096153846153846 0.13221153846153846
0 0.4242788461538462 0.49759615384615385 0.06009615384615385 0.08173076923076923
0 0.5 0.5216346153846154 0.08653846153846154 0.11057692307692309
0 0.5096153846153847 0.46274038461538464 0.04326923076923077 0.021634615384615384
0 0.6538461538461539 0.46274038461538464 0.014423076923076924 0.01682692307692308
0 0.6310096153846154 0.5120192307692308 0.06490384615384616 0.08173076923076923
0 0.6947115384615385 0.47355769230769235 0.04326923076923077 0.057692307692307696
0 0.8533653846153847 0.4447115384615385 0.014423076923076924 0.014423076923076924
0 0.8798076923076924 0.4483173076923077 0.014423076923076924 0.01682692307692308
0 0.9290865384615385 0.4915865384615385 0.06009615384615385 0.07932692307692309
0 0.7992788461538461 0.49759615384615385 0.06490384615384616 0.08173076923076923