0 0.19618949536560246 0.35608856088560886 0.040164778578784754 0.07380073800738007
0 0.31101956745623066 0.22970479704797048 0.02059732234809475 0.038745387453874534
0 0.32852729145211124 0.19280442804428044 0.018537590113285273 0.03505535055350553
0 0.34603501544799176 0.19833948339483395 0.016477857878475798 0.03136531365313653
0 0.4140061791967044 0.19188191881918817 0.016477857878475798 0.03690036900369004
0 0.42018537590113286 0.16974169741697417 0.014418125643666322 0.025830258302583026
0 0.41709577754891863 0.1522140221402214 0.014418125643666322 0.023985239852398522
0 0.45262615859938204 0.14760147601476015 0.01544799176107106 0.025830258302583026
0 0.4418125643666323 0.2011070110701107 0.02059732234809475 0.03690036900369004
0 0.4685890834191555 0.19095940959409594 0.016477857878475798 0.03505535055350553
0 0.4752832131822863 0.21678966789667897 0.021627188465499485 0.046125461254612546
0 0.4691040164778579 0.13007380073800737 0.013388259526261586 0.023985239852398522
0 0.48403707518022654 0.1411439114391144 0.014418125643666322 0.027675276752767528
0 0.5010298661174047 0.13007380073800737 0.013388259526261586 0.023985239852398522
0 0.5102986611740473 0.11070110701107011 0.013388259526261586 0.02214022140221402
0 0.5102986611740473 0.15313653136531366 0.01132852729145211 0.025830258302583026
0 0.5308959835221421 0.14667896678966788 0.01544799176107106 0.027675276752767528
0 0.5319258496395468 0.11715867158671586 0.01132852729145211 0.02029520295202952
0 0.543254376930999 0.12453874538745387 0.01132852729145211 0.023985239852398522
0 0.5566426364572605 0.13007380073800737 0.01132852729145211 0.023985239852398522
0 0.5690010298661173 0.13099630996309963 0.013388259526261586 0.02214022140221402
0 0.5803295571575695 0.11070110701107011 0.013388259526261586 0.02214022140221402
0 0.5653964984552008 0.17343173431734316 0.014418125643666322 0.033210332103321034
0 0.582389289392379 0.16789667896678967 0.01544799176107106 0.033210332103321034
0 0.5288362512873326 0.26383763837638374 0.021627188465499485 0.047970479704797044
0 0.5911431513903193 0.22693726937269373 0.018537590113285273 0.03690036900369004
0 0.592173017507724 0.28690036900369004 0.024716786817713696 0.046125461254612546
0 0.6246138002059732 0.2878228782287823 0.029866117404737384 0.05904059040590406
0 0.6333676622039135 0.2333948339483395 0.018537590113285273 0.03505535055350553
0 0.6307929969104016 0.19372693726937268 0.01956745623069001 0.04059040590405904
0 0.6637487126673532 0.20387453874538744 0.01956745623069001 0.03505535055350553
0 0.6652935118434603 0.17250922509225092 0.016477857878475798 0.03136531365313653
0 0.6920700308959835 0.11808118081180811 0.012358393408856848 0.025830258302583026
0 0.7003089598352213 0.11254612546125461 0.012358393408856848 0.01845018450184502
0 0.685890834191555 0.11715867158671586 0.010298661174047374 0.016605166051660517
0 0.65653964984552 0.1033210332103321 0.01132852729145211 0.02214022140221402
0 0.6416065911431513 0.1070110701107011 0.010298661174047374 0.02214022140221402
0 0.6282183316168898 0.13837638376383762 0.014418125643666322 0.02214022140221402
0 0.627188465499485 0.09501845018450185 0.012358393408856848 0.023985239852398522
0 0.6091658084449021 0.11808118081180811 0.01132852729145211 0.025830258302583026
0 0.5993820803295571 0.13284132841328414 0.014418125643666322 0.025830258302583026
0 0.709577754891864 0.18265682656826568 0.016477857878475798 0.04059040590405904
0 0.7049433573635427 0.1559040590405904 0.013388259526261586 0.023985239852398522
0 0.7394438722966015 0.1503690036900369 0.014418125643666322 0.03136531365313653
0 0.7497425334706488 0.1429889298892989 0.014418125643666322 0.023985239852398522
0 0.7425334706488156 0.12361623616236161 0.014418125643666322 0.025830258302583026
0 0.7636457260556128 0.12638376383763839 0.01132852729145211 0.027675276752767528
0 0.776519052523172 0.12453874538745387 0.010298661174047374 0.023985239852398522
0 0.7111225540679711 0.25 0.01956745623069001 0.042435424354243544
0 0.6905252317198763 0.3062730627306273 0.025746652935118432 0.06273062730627306
0 0.6534500514933058 0.27121771217712176 0.021627188465499485 0.047970479704797044
0 0.790422245108136 0.19280442804428044 0.017507723995880534 0.042435424354243544
0 0.786302780638517 0.1651291512915129 0.01544799176107106 0.03136531365313653
0 0.8038105046343975 0.1651291512915129 0.013388259526261586 0.03136531365313653
0 0.8151390319258496 0.17896678966789667 0.013388259526261586 0.033210332103321034
0 0.8274974253347065 0.16789667896678967 0.013388259526261586 0.02952029520295203
0 0.8331616889804325 0.20387453874538744 0.016477857878475798 0.038745387453874534
0 0.8084449021627188 0.25830258302583026 0.02059732234809475 0.047970479704797044
0 0.787847579814624 0.2822878228782288 0.02265705458290422 0.047970479704797044
0 0.7641606591143151 0.3736162361623616 0.028836251287332644 0.06826568265682656
0 0.8269824922760041 0.35793357933579334 0.026776519052523172 0.06642066420664207
0 0.845005149330587 0.31826568265682653 0.021627188465499485 0.04981549815498155
0 0.8542739443872296 0.25830258302583026 0.01956745623069001 0.047970479704797044
0 0.9093717816683831 0.3828413284132841 0.024716786817713696 0.06457564575645756
0 0.9201853759011328 0.32564575645756455 0.027806385169927908 0.04981549815498155
0 0.9392378990731205 0.272140221402214 0.02265705458290422 0.042435424354243544
0 0.9129763130792996 0.22970479704797048 0.017507723995880534 0.038745387453874534
0 0.8820803295571575 0.22324723247232472 0.01544799176107106 0.03690036900369004
0 0.8861997940267765 0.19649446494464945 0.01956745623069001 0.03505535055350553
0 0.864572605561277 0.17250922509225092 0.013388259526261586 0.03136531365313653
0 0.8496395468589083 0.18357933579335792 0.016477857878475798 0.03136531365313653
0 0.8496395468589083 0.14391143911439114 0.012358393408856848 0.025830258302583026
0 0.8774459320288363 0.14575645756457564 0.012358393408856848 0.025830258302583026
0 0.8748712667353243 0.15682656826568264 0.013388259526261586 0.025830258302583026
0 0.9145211122554068 0.1651291512915129 0.014418125643666322 0.03505535055350553
0 0.9397528321318228 0.17896678966789667 0.013388259526261586 0.02952029520295203
0 0.9382080329557158 0.2011070110701107 0.014418125643666322 0.02952029520295203