0 0.31968810916179335 0.17594108019639934 0.01949317738791423 0.03109656301145663
0 0.3713450292397661 0.1530278232405892 0.017543859649122806 0.03109656301145663
0 0.4049707602339181 0.17266775777414076 0.022417153996101363 0.03436988543371522
0 0.35282651072124754 0.2561374795417349 0.021442495126705652 0.04091653027823241
0 0.3742690058479532 0.2855973813420622 0.025341130604288498 0.044189852700491
0 0.40545808966861596 0.27986906710310966 0.029239766081871343 0.0425531914893617
0 0.46637426900584794 0.18657937806873978 0.018518518518518517 0.03273322422258593
0 0.4926900584795321 0.18821603927986907 0.014619883040935672 0.03600654664484452
0 0.48245614035087714 0.1972176759410802 0.017543859649122806 0.03436988543371522
0 0.5053606237816763 0.20458265139116205 0.018518518518518517 0.03927986906710311
0 0.47612085769980506 0.22995090016366612 0.024366471734892786 0.03764320785597382
0 0.5009746588693957 0.2397708674304419 0.021442495126705652 0.04746317512274959
0 0.5073099415204678 0.3044189852700491 0.028265107212475632 0.05237315875613748
0 0.5984405458089668 0.14157119476268412 0.01949317738791423 0.03109656301145663
0 0.6276803118908382 0.2618657937806874 0.025341130604288498 0.04909983633387889
0 0.7358674463937621 0.19312602291325698 0.023391812865497075 0.0458265139116203
0 0.7816764132553606 0.23158756137479544 0.02729044834307992 0.05400981996726678