1 0.6390870185449358 0.3254950495049505 0.059914407988587735 0.12128712871287128
1 0.4743223965763196 0.2537128712871287 0.05563480741797432 0.10643564356435643
1 0.42867332382310985 0.1967821782178218 0.049928673323823114 0.09653465346534654
1 0.5456490727532097 0.15346534653465346 0.029957203994293868 0.08415841584158416
1 0.5641940085592012 0.2141089108910891 0.03566333808844508 0.07673267326732673
1 0.579172610556348 0.13366336633663367 0.037089871611982884 0.07425742574257425
1 0.6626248216833096 0.21534653465346534 0.049928673323823114 0.07425742574257425
1 0.7054208273894437 0.17202970297029704 0.03851640513552069 0.09158415841584158
1 0.7261055634807418 0.15841584158415842 0.02567760342368046 0.06435643564356436
1 0.7845934379457917 0.14232673267326734 0.06276747503566334 0.11138613861386139
1 0.9201141226818831 0.1646039603960396 0.04850213980028531 0.10148514851485149
1 0.9750356633380884 0.08044554455445545 0.047075606276747506 0.09653465346534654
0 0.9686162624821684 0.26485148514851486 0.059914407988587735 0.19801980198019803