1 0.3665865384615385 0.47355769230769235 0.07451923076923077 0.09615384615384616
1 0.4170673076923077 0.4362980769230769 0.06971153846153846 0.0889423076923077
1 0.6454326923076923 0.4603365384615385 0.09375 0.10336538461538462
1 0.7319711538461539 0.1875 0.040865384615384616 0.04807692307692308
1 0.764423076923077 0.2043269230769231 0.038461538461538464 0.04807692307692308
1 0.8677884615384616 0.14543269230769232 0.019230769230769232 0.026442307692307696
1 0.8882211538461539 0.1358173076923077 0.01682692307692308 0.021634615384615384
1 0.8665865384615385 0.1887019230769231 0.021634615384615384 0.01682692307692308
1 0.889423076923077 0.20192307692307693 0.019230769230769232 0.019230769230769232
1 0.8137019230769231 0.20552884615384617 0.026442307692307696 0.021634615384615384
1 0.8149038461538461 0.1310096153846154 0.019230769230769232 0.021634615384615384
1 0.7632211538461539 0.13822115384615385 0.040865384615384616 0.03125
1 0.7307692307692308 0.1466346153846154 0.04326923076923077 0.028846153846153848
1 0.3918269230769231 0.25 0.028846153846153848 0.03365384615384616
1 0.3497596153846154 0.24399038461538464 0.01201923076923077 0.01682692307692308
1 0.19471153846153846 0.2980769230769231 0.019230769230769232 0.02403846153846154
1 0.3894230769230769 0.09134615384615385 0.03365384615384616 0.03365384615384616
1 0.35336538461538464 0.09735576923076923 0.019230769230769232 0.01682692307692308