1 0.361328125 0.4277777777777778 0.083984375 0.1925925925925926
0 0.2626953125 0.3851851851851852 0.060546875 0.16666666666666669
0 0.1787109375 0.42592592592592593 0.109375 0.25925925925925924
0 0.1123046875 0.4814814814814815 0.03515625 0.08518518518518518
0 0.05078125 0.44351851851851853 0.072265625 0.17592592592592593
0 0.0859375 0.4935185185185185 0.029296875 0.07962962962962963
0 0.41552734375 0.33796296296296297 0.0595703125 0.1462962962962963
0 0.4755859375 0.362962962962963 0.025390625 0.14444444444444446
0 0.73779296875 0.25 0.1142578125 0.32592592592592595
0 0.65966796875 0.32592592592592595 0.0498046875 0.15555555555555556
0 0.80859375 0.24351851851851852 0.052734375 0.20185185185185187