0 0.22940226171243944 0.24478442280945756 0.025848142164781908 0.04728789986091794
0 0.25121163166397414 0.23574408901251737 0.024232633279483037 0.048678720445062586
0 0.2847334410339257 0.2614742698191933 0.018578352180936997 0.030598052851182195
0 0.30210016155088854 0.27746870653685674 0.0210016155088853 0.04033379694019471
0 0.32350565428109856 0.23713490959666203 0.020193861066235864 0.043115438108484005
0 0.3517770597738288 0.23574408901251737 0.026655896607431343 0.04589707927677329
0 0.34975767366720517 0.20445062586926285 0.024232633279483037 0.041724617524339355
0 0.4499192245557351 0.18915159944367177 0.029079159935379646 0.04728789986091794
0 0.5250403877221325 0.27468706536856746 0.029079159935379646 0.05146036161335187
0 0.5823909531502424 0.2955493741307371 0.029079159935379646 0.04589707927677329
0 0.611470113085622 0.3129346314325452 0.029079159935379646 0.0584144645340751