0 0.3942307692307693 0.30120481927710846 0.10576923076923078 0.12530120481927712
0 0.5396634615384616 0.355421686746988 0.07932692307692309 0.10361445783132531
0 0.6141826923076923 0.33975903614457836 0.07451923076923077 0.08674698795180724
0 0.670673076923077 0.3771084337349398 0.038461538461538464 0.050602409638554224
0 0.7271634615384616 0.3927710843373494 0.06490384615384616 0.0963855421686747
0 0.8557692307692308 0.3819277108433735 0.0625 0.07951807228915664
0 0.8389423076923077 0.3421686746987952 0.05288461538461539 0.06746987951807229
0 0.9170673076923077 0.3771084337349398 0.04567307692307693 0.055421686746987955
0 0.9639423076923077 0.3879518072289157 0.057692307692307696 0.08674698795180724
0 0.453125 0.33975903614457836 0.04567307692307693 0.0819277108433735
1 0.31490384615384615 0.3240963855421687 0.07211538461538462 0.09879518072289158
1 0.09254807692307693 0.32891566265060246 0.18509615384615385 0.3349397590361446
1 0.17427884615384617 0.4012048192771085 0.13701923076923078 0.22891566265060243
1 0.203125 0.32650602409638557 0.07932692307692309 0.09397590361445785
0 0.39543269230769235 0.04096385542168675 0.10336538461538462 0.0819277108433735
1 0.09375 0.0819277108433735 0.1875 0.163855421686747