1 0.054086538461538464 0.6060240963855422 0.021634615384615384 0.026506024096385545
1 0.078125 0.5939759036144578 0.01682692307692308 0.02168674698795181
1 0.11057692307692309 0.5891566265060242 0.02403846153846154 0.02168674698795181
1 0.140625 0.5867469879518072 0.026442307692307696 0.026506024096385545
1 0.20072115384615385 0.5626506024096386 0.04567307692307693 0.050602409638554224
1 0.2980769230769231 0.53855421686747 0.04807692307692308 0.06987951807228916
1 0.44591346153846156 0.4734939759036145 0.07451923076923077 0.10361445783132531
1 0.796875 0.383132530120482 0.12259615384615385 0.1493975903614458
1 0.8004807692307693 0.06987951807228916 0.125 0.13975903614457832
1 0.20072115384615385 0.9734939759036145 0.040865384615384616 0.03855421686746988
1 0.13822115384615385 0.9542168674698795 0.026442307692307696 0.033734939759036145
1 0.11057692307692309 0.9518072289156627 0.019230769230769232 0.01927710843373494
1 0.07932692307692309 0.9506024096385542 0.014423076923076924 0.016867469879518072