1 0.9182692307692308 0.44578313253012053 0.03365384615384616 0.03855421686746988
0 0.828125 0.45301204819277113 0.026442307692307696 0.028915662650602414
0 0.6995192307692308 0.44698795180722894 0.028846153846153848 0.03132530120481928
0 0.640625 0.44578313253012053 0.03125 0.03855421686746988
1 0.578125 0.3650602409638555 0.05528846153846154 0.06506024096385543
1 0.4134615384615385 0.35421686746987957 0.057692307692307696 0.0819277108433735
1 0.24879807692307693 0.3614457831325302 0.06009615384615385 0.06265060240963856
1 0.14423076923076925 0.32168674698795185 0.08653846153846154 0.09879518072289158
0 0.08774038461538462 0.3493975903614458 0.05048076923076923 0.06265060240963856
0 0.3028846153846154 0.45662650602409643 0.02403846153846154 0.03132530120481928
0 0.3040865384615385 0.5301204819277109 0.04567307692307693 0.1783132530120482
0 0.4591346153846154 0.4301204819277109 0.019230769230769232 0.045783132530120486