1 0.14423076923076925 0.4206730769230769 0.06730769230769232 0.09615384615384616
1 0.19951923076923078 0.4242788461538462 0.05288461538461539 0.07451923076923077
1 0.3040865384615385 0.4242788461538462 0.03605769230769231 0.06009615384615385
1 0.3353365384615385 0.4375 0.04567307692307693 0.07211538461538462
1 0.3870192307692308 0.4050480769230769 0.08653846153846154 0.09375
1 0.46995192307692313 0.41947115384615385 0.06009615384615385 0.08413461538461539
1 0.5060096153846154 0.42668269230769235 0.026442307692307696 0.06009615384615385
1 0.5504807692307693 0.4495192307692308 0.02403846153846154 0.028846153846153848
1 0.578125 0.43149038461538464 0.03125 0.05528846153846154
1 0.6334134615384616 0.4326923076923077 0.05048076923076923 0.0625
1 0.7391826923076924 0.4338942307692308 0.05528846153846154 0.06971153846153846
1 0.8064903846153847 0.4362980769230769 0.04567307692307693 0.06009615384615385
1 0.8810096153846154 0.4411057692307693 0.05048076923076923 0.06971153846153846
1 0.9495192307692308 0.421875 0.057692307692307696 0.07451923076923077