0 0.020432692307692308 0.5265060240963856 0.026442307692307696 0.03132530120481928
0 0.05168269230769231 0.527710843373494 0.026442307692307696 0.028915662650602414
0 0.16105769230769232 0.5036144578313253 0.04807692307692308 0.06265060240963856
0 0.19591346153846154 0.5156626506024097 0.026442307692307696 0.03855421686746988
0 0.2716346153846154 0.5253012048192771 0.02403846153846154 0.028915662650602414
0 0.3088942307692308 0.519277108433735 0.03125 0.03614457831325302
0 0.3629807692307693 0.5204819277108435 0.028846153846153848 0.033734939759036145
0 0.3858173076923077 0.5180722891566265 0.01201923076923077 0.028915662650602414
0 0.44711538461538464 0.5084337349397591 0.02403846153846154 0.028915662650602414
0 0.48197115384615385 0.5048192771084338 0.040865384615384616 0.050602409638554224
0 0.5709134615384616 0.5289156626506024 0.040865384615384616 0.045783132530120486
0 0.5504807692307693 0.5144578313253012 0.02403846153846154 0.03132530120481928
0 0.6322115384615385 0.5325301204819277 0.03365384615384616 0.03855421686746988
0 0.7355769230769231 0.5072289156626506 0.02403846153846154 0.03132530120481928
0 0.796875 0.519277108433735 0.03605769230769231 0.03614457831325302
0 0.8401442307692308 0.5216867469879518 0.03125 0.03132530120481928
0 0.8762019230769231 0.527710843373494 0.01682692307692308 0.024096385542168676
0 0.9134615384615385 0.519277108433735 0.028846153846153848 0.03132530120481928
0 0.9507211538461539 0.5096385542168675 0.03125 0.04096385542168675