1 0.1875 0.18237704918032788 0.10166666666666667 0.1639344262295082
1 0.27083333333333337 0.2377049180327869 0.058333333333333334 0.09426229508196722
1 0.35500000000000004 0.4047131147540984 0.10666666666666667 0.11270491803278689
1 0.33333333333333337 0.2336065573770492 0.05 0.0778688524590164
1 0.4033333333333334 0.24282786885245902 0.043333333333333335 0.07172131147540985
1 0.4941666666666667 0.24795081967213117 0.045000000000000005 0.06967213114754099
1 0.5441666666666667 0.257172131147541 0.055 0.06352459016393443
1 0.6091666666666667 0.26229508196721313 0.05166666666666667 0.06557377049180328
1 0.7125 0.2489754098360656 0.05166666666666667 0.07172131147540985
1 0.7975000000000001 0.22745901639344263 0.05166666666666667 0.06147540983606558
1 0.8325 0.25 0.04833333333333334 0.06967213114754099
1 0.8966666666666667 0.2387295081967213 0.09333333333333334 0.13319672131147542
1 0.9750000000000001 0.24282786885245902 0.04666666666666667 0.10860655737704919