0 0.8822115384615385 0.48557692307692313 0.028846153846153848 0.04326923076923077
0 0.8233173076923077 0.4987980769230769 0.03605769230769231 0.040865384615384616
0 0.7836538461538461 0.4759615384615385 0.028846153846153848 0.03365384615384616
0 0.7512019230769231 0.5096153846153847 0.026442307692307696 0.03365384615384616
0 0.7007211538461539 0.5012019230769231 0.026442307692307696 0.03605769230769231
0 0.655048076923077 0.4963942307692308 0.03125 0.03605769230769231
0 0.608173076923077 0.484375 0.02403846153846154 0.03605769230769231
0 0.5649038461538461 0.4951923076923077 0.028846153846153848 0.03365384615384616
0 0.5072115384615384 0.5084134615384616 0.028846153846153848 0.040865384615384616
0 0.43870192307692313 0.4795673076923077 0.03125 0.040865384615384616
0 0.3629807692307693 0.49399038461538464 0.03365384615384616 0.040865384615384616
0 0.28605769230769235 0.49399038461538464 0.03365384615384616 0.04567307692307693
0 0.23197115384615385 0.5036057692307693 0.040865384615384616 0.04567307692307693
0 0.15865384615384617 0.48918269230769235 0.038461538461538464 0.04567307692307693