0 0.04927884615384616 0.42168674698795183 0.04567307692307693 0.05301204819277109
0 0.1670673076923077 0.4228915662650603 0.04567307692307693 0.055421686746987955
0 0.48197115384615385 0.43614457831325304 0.05048076923076923 0.06746987951807229
0 0.6045673076923077 0.4590361445783133 0.05048076923076923 0.055421686746987955
0 0.7151442307692308 0.44578313253012053 0.040865384615384616 0.05783132530120483
0 0.84375 0.48554216867469885 0.04326923076923077 0.050602409638554224
0 0.6538461538461539 0.46746987951807234 0.03365384615384616 0.04819277108433735
0 0.5637019230769231 0.47469879518072294 0.026442307692307696 0.04337349397590362
0 0.16826923076923078 0.01807228915662651 0.04807692307692308 0.03614457831325302
0 0.05048076923076923 0.02168674698795181 0.04807692307692308 0.04337349397590362
1 0.2512019230769231 0.42891566265060244 0.06971153846153846 0.0819277108433735
1 0.3653846153846154 0.4349397590361446 0.07211538461538462 0.09397590361445785
1 0.09855769230769232 0.4337349397590362 0.03365384615384616 0.04819277108433735