1 0.43583333333333335 0.4022222222222222 0.06166666666666667 0.10222222222222223
1 0.48250000000000004 0.41444444444444445 0.055 0.08222222222222222
1 0.7525000000000001 0.38555555555555554 0.06833333333333334 0.09555555555555556
1 0.35250000000000004 0.4255555555555556 0.05166666666666667 0.09111111111111111
0 0.5591666666666667 0.40555555555555556 0.04166666666666667 0.06444444444444444
0 0.5191666666666667 0.41555555555555557 0.03833333333333334 0.06666666666666667
0 0.0275 0.45555555555555555 0.055 0.1111111111111111
0 0.635 0.4111111111111111 0.043333333333333335 0.07111111111111111
0 0.6741666666666667 0.41444444444444445 0.03166666666666667 0.05555555555555555
0 0.9600000000000001 0.41555555555555557 0.04666666666666667 0.057777777777777775
0 0.9266666666666667 0.3988888888888889 0.043333333333333335 0.06888888888888889
0 0.5825 0.4077777777777778 0.028333333333333335 0.04666666666666667