1 0.042067307692307696 0.4495192307692308 0.06490384615384616 0.07211538461538462
1 0.13822115384615385 0.43509615384615385 0.04567307692307693 0.0625
1 0.23076923076923078 0.4338942307692308 0.05288461538461539 0.06971153846153846
1 0.2872596153846154 0.4278846153846154 0.040865384615384616 0.0625
1 0.41466346153846156 0.4206730769230769 0.05048076923076923 0.07211538461538462
1 0.46153846153846156 0.4182692307692308 0.03365384615384616 0.0625
1 0.5132211538461539 0.4206730769230769 0.05048076923076923 0.06730769230769232
1 0.5757211538461539 0.4495192307692308 0.021634615384615384 0.028846153846153848
1 0.5973557692307693 0.4326923076923077 0.021634615384615384 0.03365384615384616
1 0.6262019230769231 0.42668269230769235 0.026442307692307696 0.03605769230769231
1 0.6634615384615385 0.3918269230769231 0.05288461538461539 0.07211538461538462
1 0.7307692307692308 0.42668269230769235 0.04807692307692308 0.06490384615384616
1 0.7824519230769231 0.4170673076923077 0.03605769230769231 0.05528846153846154
1 0.8858173076923077 0.4050480769230769 0.05528846153846154 0.07932692307692309
1 0.9266826923076924 0.4170673076923077 0.026442307692307696 0.040865384615384616