1 0.49382716049382713 0.2314814814814815 0.07716049382716049 0.12551440329218108
1 0.875 0.17798353909465023 0.1111111111111111 0.15020576131687244
1 0.7345679012345678 0.3312757201646091 0.05246913580246913 0.09053497942386832
1 0.6550925925925926 0.31275720164609055 0.047839506172839504 0.07818930041152264
1 0.6358024691358024 0.35905349794238683 0.06481481481481481 0.10082304526748972
1 0.6890432098765432 0.3374485596707819 0.032407407407407406 0.0617283950617284
0 0.529320987654321 0.32510288065843623 0.08333333333333333 0.11934156378600824
0 0.8047839506172839 0.2808641975308642 0.07253086419753085 0.10493827160493828
0 0.1550925925925926 0.29629629629629634 0.0941358024691358 0.1234567901234568
0 0.29552469135802467 0.34670781893004116 0.06327160493827161 0.10082304526748972
0 0.3757716049382716 0.27880658436213995 0.08796296296296297 0.16255144032921812
0 0.408179012345679 0.3148148148148148 0.06018518518518518 0.10699588477366256
0 0.048611111111111105 0.32304526748971196 0.05092592592592592 0.06995884773662552
0 0.19135802469135801 0.34670781893004116 0.04938271604938271 0.08024691358024692
0 0.22453703703703703 0.3240740740740741 0.041666666666666664 0.06790123456790124
0 0.25308641975308643 0.3271604938271605 0.037037037037037035 0.07818930041152264
0 0.5972222222222222 0.32510288065843623 0.037037037037037035 0.07407407407407408