1 0.577 0.384180790960452 0.022 0.03954802259887005
1 0.613 0.4025423728813559 0.022 0.025423728813559324
1 0.487 0.3107344632768362 0.022 0.03389830508474576
1 0.442 0.2033898305084746 0.024 0.03954802259887005
1 0.387 0.346045197740113 0.018000000000000002 0.03672316384180791
1 0.353 0.269774011299435 0.022 0.03672316384180791
1 0.304 0.3050847457627119 0.024 0.03389830508474576
1 0.202 0.2994350282485876 0.024 0.02824858757062147
1 0.278 0.326271186440678 0.024 0.03672316384180791
1 0.163 0.3305084745762712 0.026000000000000002 0.03389830508474576
1 0.129 0.3389830508474576 0.026000000000000002 0.03954802259887005
1 0.176 0.3177966101694915 0.02 0.031073446327683614
0 0.34900000000000003 0.557909604519774 0.08600000000000001 0.1271186440677966
0 0.256 0.557909604519774 0.092 0.1553672316384181
0 0.14200000000000002 0.5084745762711864 0.10400000000000001 0.1864406779661017
0 0.425 0.559322033898305 0.09 0.15254237288135594
0 0.489 0.5889830508474576 0.08600000000000001 0.1384180790960452
0 0.557 0.4901129943502825 0.082 0.11016949152542373
0 0.59 0.5338983050847458 0.088 0.14689265536723164
0 0.751 0.4887005649717514 0.098 0.1581920903954802
0 0.874 0.5663841807909604 0.096 0.11016949152542373
0 0.801 0.5028248587570622 0.07 0.1581920903954802