1 0.08663366336633664 0.5290237467018469 0.08415841584158416 0.10554089709762532
1 0.2079207920792079 0.5527704485488126 0.04554455445544554 0.07651715039577836
1 0.2876237623762376 0.525065963060686 0.04257425742574258 0.07124010554089709
1 0.39702970297029705 0.6411609498680738 0.1782178217821782 0.2638522427440633
1 0.4787128712871287 0.5329815303430079 0.040594059405940595 0.07387862796833773
1 0.5316831683168317 0.5778364116094986 0.0712871287128713 0.13720316622691292
1 0.5806930693069307 0.5428759894459103 0.03861386138613861 0.07255936675461741
1 0.6811881188118812 0.49604221635883905 0.04950495049504951 0.07651715039577836
1 0.6965346534653466 0.5923482849604221 0.09207920792079208 0.12401055408970976
1 0.6603960396039604 0.7565963060686015 0.14653465346534653 0.22031662269129287
1 0.7841584158415842 0.5164907651715039 0.06534653465346535 0.08311345646437994
1 0.950990099009901 0.6279683377308707 0.09603960396039604 0.17150395778364116