1 0.6609947643979058 0.39356984478935697 0.1544502617801047 0.29933481152993346
1 0.8095549738219896 0.3869179600886918 0.10340314136125656 0.2638580931263858
1 0.9155759162303665 0.37250554323725055 0.14790575916230367 0.30598669623059865
1 0.8907068062827226 0.2960088691796009 0.11649214659685865 0.2638580931263858
1 0.8082460732984293 0.07427937915742794 0.10078534031413613 0.14855875831485588
1 0.618455497382199 0.1729490022172949 0.11387434554973823 0.2660753880266075
1 0.706151832460733 0.15077605321507762 0.07984293193717278 0.19955654101995565
1 0.9260471204188482 0.09866962305986696 0.09816753926701571 0.14855875831485588
1 0.5772251308900523 0.08758314855875832 0.08900523560209425 0.1662971175166297
1 0.4731675392670157 0.21951219512195122 0.09554973821989529 0.1951219512195122
1 0.2866492146596859 0.07206208425720621 0.07853403141361257 0.14412416851441243
1 0.3586387434554974 0.058758314855875834 0.07853403141361257 0.11751662971175167
1 0.06806282722513089 0.06430155210643015 0.08115183246073299 0.1286031042128603
0 0.28206806282722513 0.33148558758314856 0.11125654450261781 0.25055432372505543
0 0.37303664921465973 0.23170731707317074 0.10471204188481675 0.2106430155210643
0 0.05366492146596859 0.4878048780487805 0.10732984293193717 0.22172949002217296
0 0.46138743455497383 0.5332594235033259 0.1348167539267016 0.25055432372505543