0 0.16826923076923078 0.29447115384615385 0.057692307692307696 0.07451923076923077
0 0.31730769230769235 0.3233173076923077 0.04807692307692308 0.06009615384615385
0 0.421875 0.26322115384615385 0.06971153846153846 0.09375
0 0.5576923076923077 0.3040865384615385 0.05288461538461539 0.06971153846153846
0 0.65625 0.33052884615384615 0.05288461538461539 0.06009615384615385
0 0.7620192307692308 0.2980769230769231 0.0625 0.08173076923076923
0 0.9074519230769231 0.27524038461538464 0.05048076923076923 0.07932692307692309
0 0.9038461538461539 0.06850961538461539 0.05288461538461539 0.07451923076923077
0 0.9543269230769231 0.042067307692307696 0.04807692307692308 0.05048076923076923
0 0.9507211538461539 0.3028846153846154 0.04567307692307693 0.04807692307692308
0 0.421875 0.07932692307692309 0.06971153846153846 0.09134615384615385
0 0.5576923076923077 0.03605769230769231 0.05288461538461539 0.07211538461538462
0 0.6586538461538461 0.020432692307692308 0.05288461538461539 0.040865384615384616
0 0.7632211538461539 0.042067307692307696 0.06490384615384616 0.08413461538461539
0 0.1670673076923077 0.04567307692307693 0.05528846153846154 0.07211538461538462
0 0.3197115384615385 0.02403846153846154 0.04807692307692308 0.04807692307692308
0 0.5240384615384616 0.3125 0.02403846153846154 0.05288461538461539
0 0.5252403846153847 0.025240384615384616 0.021634615384615384 0.05048076923076923
1 0.06129807692307693 0.34615384615384615 0.03125 0.03365384615384616
1 0.09855769230769232 0.3185096153846154 0.05288461538461539 0.05528846153846154
1 0.28365384615384615 0.3245192307692308 0.028846153846153848 0.038461538461538464
1 0.09855769230769232 0.026442307692307696 0.05288461538461539 0.05288461538461539
1 0.2824519230769231 0.019230769230769232 0.03605769230769231 0.038461538461538464