1 0.12259615384615385 0.5783132530120483 0.0625 0.04819277108433735
1 0.2872596153846154 0.6168674698795181 0.07932692307692309 0.05783132530120483
1 0.3858173076923077 0.5843373493975904 0.05528846153846154 0.06024096385542169
1 0.12259615384615385 0.9734939759036145 0.0625 0.04819277108433735
1 0.27884615384615385 0.9421686746987953 0.04807692307692308 0.04337349397590362
1 0.38822115384615385 0.9698795180722892 0.05528846153846154 0.050602409638554224
1 0.5913461538461539 0.9421686746987953 0.03365384615384616 0.028915662650602414
1 0.59375 0.6132530120481928 0.03365384615384616 0.026506024096385545
1 0.6899038461538461 0.5542168674698795 0.028846153846153848 0.028915662650602414
1 0.717548076923077 0.591566265060241 0.06009615384615385 0.055421686746987955
1 0.7415865384615385 0.5614457831325301 0.03125 0.028915662650602414
1 0.7704326923076924 0.5493975903614459 0.03125 0.033734939759036145
1 0.8617788461538463 0.5 0.03605769230769231 0.03132530120481928
1 0.8497596153846154 0.6180722891566266 0.09375 0.07951807228915664
1 0.9134615384615385 0.5867469879518072 0.06730769230769232 0.06506024096385543
1 0.7211538461538461 0.9638554216867471 0.0625 0.06265060240963856
1 0.8473557692307693 0.9373493975903615 0.0889423076923077 0.0819277108433735
1 0.9146634615384616 0.9674698795180724 0.06490384615384616 0.055421686746987955