0 0.140625 0.48313253012048196 0.040865384615384616 0.055421686746987955
0 0.1778846153846154 0.49759036144578317 0.04326923076923077 0.06024096385542169
0 0.23197115384615385 0.48192771084337355 0.03605769230769231 0.04819277108433735
0 0.28365384615384615 0.5060240963855422 0.038461538461538464 0.06265060240963856
0 0.3040865384615385 0.4771084337349398 0.03125 0.04819277108433735
0 0.33774038461538464 0.43975903614457834 0.03125 0.045783132530120486
0 0.3545673076923077 0.47590361445783136 0.03125 0.045783132530120486
0 0.3810096153846154 0.5144578313253012 0.05048076923076923 0.055421686746987955
0 0.4290865384615385 0.4518072289156627 0.03605769230769231 0.06024096385542169
0 0.46995192307692313 0.45783132530120485 0.03125 0.04819277108433735
0 0.453125 0.5120481927710844 0.04567307692307693 0.055421686746987955
0 0.5240384615384616 0.5180722891566265 0.038461538461538464 0.05783132530120483
0 0.5132211538461539 0.44578313253012053 0.03605769230769231 0.04819277108433735
0 0.5564903846153847 0.43614457831325304 0.021634615384615384 0.03855421686746988
0 0.5805288461538461 0.44698795180722894 0.040865384615384616 0.055421686746987955
0 0.6262019230769231 0.4951807228915663 0.04567307692307693 0.06024096385542169
0 0.6322115384615385 0.44337349397590364 0.038461538461538464 0.04337349397590362
0 0.686298076923077 0.44337349397590364 0.040865384615384616 0.05783132530120483
0 0.7223557692307693 0.5156626506024097 0.04567307692307693 0.06265060240963856
0 0.7379807692307693 0.4518072289156627 0.038461538461538464 0.055421686746987955
0 0.7824519230769231 0.44939759036144583 0.03605769230769231 0.055421686746987955
0 0.8389423076923077 0.48554216867469885 0.04326923076923077 0.06506024096385543
0 0.8329326923076924 0.4313253012048193 0.040865384615384616 0.05301204819277109