1 0.3497596153846154 0.20843373493975906 0.08413461538461539 0.07951807228915664
1 0.34855769230769235 0.12650602409638556 0.08653846153846154 0.08433734939759037
1 0.2956730769230769 0.6590361445783133 0.10576923076923078 0.12289156626506025
1 0.16346153846153846 0.48192771084337355 0.11057692307692309 0.11084337349397591
1 0.15625 0.4 0.10096153846153846 0.0963855421686747
1 0.4338942307692308 0.3734939759036145 0.0889423076923077 0.12048192771084339
1 0.609375 0.4265060240963856 0.09855769230769232 0.12530120481927712
0 0.4831730769230769 0.663855421686747 0.09134615384615385 0.11325301204819278
0 0.6646634615384616 0.7120481927710844 0.0889423076923077 0.12289156626506025
0 0.24639423076923078 0.3301204819277109 0.08413461538461539 0.09156626506024097
0 0.6658653846153847 0.9445783132530121 0.08173076923076923 0.10602409638554218
0 0.7235576923076924 0.4481927710843374 0.09615384615384616 0.10120481927710845