1 0.15264423076923078 0.5325301204819277 0.03605769230769231 0.04337349397590362
1 0.15384615384615385 0.8879518072289158 0.03365384615384616 0.04096385542168675
1 0.1514423076923077 0.03493975903614458 0.03365384615384616 0.04096385542168675
1 0.6526442307692308 0.4301204819277109 0.03605769230769231 0.04096385542168675
1 0.7211538461538461 0.4060240963855422 0.03365384615384616 0.04096385542168675
1 0.7680288461538461 0.41807228915662653 0.026442307692307696 0.03614457831325302
1 0.9122596153846154 0.35060240963855427 0.04567307692307693 0.04096385542168675
1 0.6526442307692308 0.13614457831325302 0.03605769230769231 0.045783132530120486
1 0.9122596153846154 0.2204819277108434 0.04567307692307693 0.045783132530120486
1 0.7235576923076924 0.16265060240963858 0.038461538461538464 0.050602409638554224
1 0.7716346153846154 0.15060240963855423 0.028846153846153848 0.03614457831325302