0 0.22596153846153846 0.3313253012048193 0.057692307692307696 0.0891566265060241
0 0.18629807692307693 0.3566265060240964 0.026442307692307696 0.05301204819277109
0 0.2932692307692308 0.3349397590361446 0.08173076923076923 0.0963855421686747
0 0.3930288461538462 0.28915662650602414 0.08413461538461539 0.10602409638554218
0 0.4759615384615385 0.3686746987951808 0.04807692307692308 0.05783132530120483
0 0.5552884615384616 0.363855421686747 0.06730769230769232 0.0819277108433735
0 0.7427884615384616 0.3722891566265061 0.04807692307692308 0.09879518072289158
0 0.795673076923077 0.355421686746988 0.10096153846153846 0.11807228915662651
0 0.9302884615384616 0.355421686746988 0.10096153846153846 0.09397590361445785
0 0.3930288461538462 0.045783132530120486 0.09855769230769232 0.09156626506024097
1 0.6646634615384616 0.3445783132530121 0.05528846153846154 0.0819277108433735