1 0.26333333333333336 0.5106609808102345 0.07 0.09594882729211088
1 0.10416666666666667 0.5191897654584222 0.021666666666666667 0.031982942430703626
1 0.029166666666666667 0.509594882729211 0.018333333333333333 0.0255863539445629
1 0.043333333333333335 0.5277185501066098 0.013333333333333334 0.023454157782515993
1 0.15083333333333335 0.5245202558635395 0.008333333333333333 0.01279317697228145
1 0.17250000000000001 0.5181236673773987 0.008333333333333333 0.01279317697228145
1 0.1925 0.5202558635394456 0.008333333333333333 0.01279317697228145
1 0.9858333333333335 0.5405117270788913 0.015000000000000001 0.023454157782515993
0 0.32333333333333336 0.5159914712153518 0.02 0.029850746268656716
0 0.4466666666666667 0.5085287846481876 0.02 0.031982942430703626
0 0.48250000000000004 0.511727078891258 0.018333333333333333 0.0255863539445629
0 0.51 0.5469083155650319 0.016666666666666666 0.027718550106609806
0 0.5383333333333333 0.5191897654584222 0.02 0.03624733475479744
0 0.6133333333333334 0.5415778251599147 0.023333333333333334 0.038379530916844345
0 0.6233333333333334 0.5255863539445629 0.02 0.027718550106609806
0 0.6008333333333333 0.5181236673773987 0.018333333333333333 0.0255863539445629