1 0.33052884615384615 0.28966346153846156 0.06971153846153846 0.0889423076923077
1 0.06129807692307693 0.3665865384615385 0.026442307692307696 0.05048076923076923
1 0.10216346153846155 0.36418269230769235 0.05528846153846154 0.07932692307692309
1 0.09495192307692309 0.5360576923076923 0.12259615384615385 0.4278846153846154
1 0.17067307692307693 0.37259615384615385 0.04326923076923077 0.06730769230769232
1 0.203125 0.36418269230769235 0.026442307692307696 0.05048076923076923
1 0.40625 0.3401442307692308 0.04807692307692308 0.07451923076923077
1 0.5036057692307693 0.3185096153846154 0.06490384615384616 0.09375
1 0.6790865384615385 0.3233173076923077 0.06009615384615385 0.09855769230769232
0 0.576923076923077 0.3425480769230769 0.03365384615384616 0.03605769230769231
1 0.608173076923077 0.3401442307692308 0.038461538461538464 0.05528846153846154
1 0.8100961538461539 0.33052884615384615 0.057692307692307696 0.0889423076923077
1 0.44591346153846156 0.35336538461538464 0.026442307692307696 0.03365384615384616