1 0.4425 0.4799498746867168 0.37833333333333335 0.6390977443609023
1 0.14 0.6779448621553884 0.10333333333333335 0.19298245614035087
1 0.006666666666666667 0.7105263157894737 0.013333333333333334 0.042606516290726815
1 0.010833333333333334 0.6992481203007519 0.021666666666666667 0.040100250626566414
1 0.09333333333333334 0.7117794486215538 0.016666666666666666 0.05513784461152882
1 0.20083333333333334 0.7280701754385964 0.04166666666666667 0.07268170426065163
1 0.2275 0.7218045112781954 0.03166666666666667 0.06516290726817042
1 0.2541666666666667 0.7180451127819548 0.021666666666666667 0.047619047619047616
1 0.2808333333333333 0.7180451127819548 0.035 0.06766917293233082
1 0.5758333333333334 0.7255639097744361 0.04166666666666667 0.08270676691729323
1 0.635 0.7142857142857142 0.03333333333333333 0.06516290726817042
1 0.7108333333333334 0.7142857142857142 0.025 0.05513784461152882
1 0.8250000000000001 0.6904761904761905 0.04666666666666667 0.07769423558897243
1 0.8758333333333334 0.6979949874686716 0.025 0.042606516290726815
1 0.8975000000000001 0.7017543859649122 0.021666666666666667 0.045112781954887216
1 0.9791666666666667 0.6967418546365914 0.03166666666666667 0.05513784461152882
1 0.8550000000000001 0.6766917293233082 0.023333333333333334 0.05012531328320802
1 0.9275000000000001 0.6979949874686716 0.028333333333333335 0.047619047619047616
0 0.6725000000000001 0.706766917293233 0.025 0.045112781954887216