0 0.02710027100271003 0.34587378640776695 0.013550135501355014 0.03155339805825243
0 0.17615176151761516 0.4769417475728155 0.03523035230352303 0.0703883495145631
0 0.2676151761517615 0.24878640776699026 0.014905149051490514 0.03155339805825243
0 0.2886178861788618 0.24271844660194172 0.016260162601626015 0.03398058252427184
0 0.30826558265582654 0.2512135922330097 0.017615176151761516 0.04126213592233009
0 0.3814363143631436 0.2621359223300971 0.017615176151761516 0.03398058252427184
0 0.3875338753387534 0.22087378640776698 0.018970189701897018 0.03398058252427184
0 0.3821138211382114 0.17597087378640774 0.013550135501355014 0.03155339805825243
0 0.39092140921409213 0.19053398058252424 0.014905149051490514 0.02669902912621359
0 0.41260162601626016 0.12864077669902912 0.014905149051490514 0.03398058252427184
0 0.42208672086720866 0.17354368932038833 0.017615176151761516 0.03155339805825243
0 0.44308943089430897 0.22208737864077668 0.016260162601626015 0.03640776699029126
0 0.4640921409214092 0.21601941747572814 0.017615176151761516 0.03398058252427184
0 0.4464769647696477 0.14684466019417475 0.012195121951219513 0.02669902912621359
0 0.4932249322493225 0.183252427184466 0.018970189701897018 0.03155339805825243
0 0.513550135501355 0.20509708737864077 0.018970189701897018 0.03640776699029126
0 0.5169376693766937 0.1674757281553398 0.017615176151761516 0.03398058252427184
0 0.5399728997289973 0.16019417475728154 0.017615176151761516 0.029126213592233007
0 0.5142276422764228 0.13713592233009708 0.014905149051490514 0.02669902912621359
0 0.489159891598916 0.08859223300970873 0.016260162601626015 0.02669902912621359
0 0.5230352303523035 0.07888349514563106 0.013550135501355014 0.03155339805825243
0 0.5582655826558266 0.0703883495145631 0.016260162601626015 0.02427184466019417
0 0.5697831978319783 0.12742718446601942 0.014905149051490514 0.02669902912621359
0 0.5907859078590786 0.13228155339805825 0.016260162601626015 0.02669902912621359
0 0.6104336043360433 0.14320388349514562 0.012195121951219513 0.02427184466019417
0 0.6300813008130082 0.0558252427184466 0.013550135501355014 0.02427184466019417
0 0.5501355013550135 0.2512135922330097 0.02168021680216802 0.04126213592233009
0 0.4932249322493225 0.3094660194174757 0.024390243902439025 0.050970873786407765
0 0.5365853658536586 0.31796116504854366 0.02168021680216802 0.04854368932038834
0 0.6172086720867209 0.2936893203883495 0.023035230352303523 0.04854368932038834
0 0.6856368563685636 0.2936893203883495 0.02710027100271003 0.058252427184466014
0 0.731029810298103 0.3118932038834951 0.03116531165311653 0.06553398058252427
0 0.8143631436314364 0.41019417475728154 0.03252032520325203 0.06796116504854369
0 0.7730352303523035 0.27427184466019416 0.025745257452574527 0.058252427184466014
0 0.8130081300813008 0.28398058252427183 0.024390243902439025 0.05339805825242718
0 0.7249322493224932 0.24635922330097085 0.02168021680216802 0.050970873786407765
0 0.7520325203252033 0.21844660194174756 0.018970189701897018 0.04368932038834951
0 0.7696476964769647 0.21480582524271843 0.016260162601626015 0.03155339805825243
0 0.698509485094851 0.21723300970873785 0.02032520325203252 0.03155339805825243
0 0.6605691056910569 0.21601941747572814 0.014905149051490514 0.029126213592233007
0 0.6185636856368564 0.20631067961165048 0.017615176151761516 0.03398058252427184
0 0.6415989159891599 0.16262135922330095 0.017615176151761516 0.03398058252427184
0 0.6497289972899729 0.13106796116504854 0.014905149051490514 0.029126213592233007
0 0.6632791327913279 0.09708737864077668 0.014905149051490514 0.02427184466019417
0 0.6924119241192412 0.09708737864077668 0.016260162601626015 0.029126213592233007
0 0.7317073170731707 0.18203883495145629 0.02168021680216802 0.04368932038834951
0 0.7723577235772358 0.17475728155339804 0.018970189701897018 0.038834951456310676
0 0.7350948509485095 0.1407766990291262 0.017615176151761516 0.03398058252427184
0 0.7452574525745257 0.11529126213592232 0.013550135501355014 0.02669902912621359
0 0.7601626016260162 0.11650485436893203 0.01084010840108401 0.02427184466019417
0 0.7703252032520325 0.13470873786407767 0.02032520325203252 0.04126213592233009
0 0.7940379403794038 0.09344660194174756 0.018970189701897018 0.03640776699029126
0 0.8170731707317073 0.09708737864077668 0.016260162601626015 0.038834951456310676
0 0.8326558265582655 0.11407766990291261 0.012195121951219513 0.019417475728155338
0 0.8475609756097561 0.1529126213592233 0.017615176151761516 0.038834951456310676
0 0.8265582655826558 0.18689320388349512 0.018970189701897018 0.04368932038834951
0 0.8577235772357723 0.07160194174757281 0.016260162601626015 0.03155339805825243
0 0.8888888888888888 0.10558252427184465 0.013550135501355014 0.03155339805825243
0 0.9004065040650406 0.1966019417475728 0.023035230352303523 0.05339805825242718
0 0.8773712737127372 0.20631067961165048 0.017615176151761516 0.04368932038834951
0 0.8644986449864499 0.25606796116504854 0.018970189701897018 0.046116504854368925
0 0.8855013550135501 0.37257281553398053 0.03387533875338753 0.07524271844660194
0 0.9119241192411924 0.21601941747572814 0.016260162601626015 0.038834951456310676
0 0.9390243902439024 0.10194174757281553 0.013550135501355014 0.029126213592233007
0 0.6944444444444444 0.14563106796116504 0.017615176151761516 0.03398058252427184