0 0.12651576394502828 0.552437223042836 0.03637833468067906 0.07090103397341212
0 0.22109943411479385 0.35745937961595275 0.015359741309620048 0.029542097488921715
0 0.2510105092966855 0.3855243722304284 0.02021018593371059 0.044313146233382575
0 0.2801131770412288 0.33456425406203844 0.016976556184316895 0.033973412112259974
0 0.2841552142279709 0.38330871491875923 0.016976556184316895 0.03988183161004431
0 0.32740501212611156 0.38626292466765144 0.02263540824575586 0.04283604135893649
0 0.34842360549717055 0.34711964549483015 0.014551333872271624 0.03249630723781389
0 0.3516572352465642 0.30576070901033975 0.01616814874696847 0.03249630723781389
0 0.38601455133387225 0.2776957163958641 0.0137429264349232 0.029542097488921715
0 0.4082457558609539 0.29320531757754803 0.012934518997574777 0.0310192023633678
0 0.41875505254648343 0.27695716395864106 0.01131770412287793 0.025110782865583457
0 0.4397736459175424 0.2776957163958641 0.012934518997574777 0.026587887740029542
0 0.45109135004042034 0.2880354505169867 0.017784963621665317 0.03249630723781389
0 0.4571544058205335 0.2548005908419498 0.0137429264349232 0.02806499261447563
0 0.5444624090541633 0.23485967503692765 0.012126111560226353 0.023633677991137372
0 0.5614389652384801 0.23190546528803546 0.0137429264349232 0.020679468242245203
0 0.5909458367016976 0.23633677991137372 0.009700889248181082 0.023633677991137372
0 0.5998383185125303 0.2223042836041359 0.014551333872271624 0.025110782865583457
0 0.6196443007275667 0.21935007385524374 0.0137429264349232 0.02806499261447563
0 0.6596604688763136 0.2223042836041359 0.012934518997574777 0.022156573116691287
0 0.6244947453516572 0.24150664697193502 0.015359741309620048 0.025110782865583457
0 0.5889248181083265 0.26440177252584934 0.012126111560226353 0.029542097488921715
0 0.6071139854486661 0.27917282127031023 0.014551333872271624 0.020679468242245203
0 0.5675020210185934 0.28138847858197935 0.01616814874696847 0.033973412112259974
0 0.5359741309620049 0.26883308714918763 0.01616814874696847 0.029542097488921715
0 0.5129345189975747 0.2673559822747415 0.0137429264349232 0.029542097488921715
0 0.5177849636216653 0.29542097488921715 0.016976556184316895 0.03249630723781389
0 0.5460792239288601 0.2983751846381093 0.015359741309620048 0.03249630723781389
0 0.4591754244139046 0.3353028064992615 0.019401778496362165 0.03249630723781389
0 0.49029911075181887 0.3456425406203841 0.02021018593371059 0.03545051698670606
0 0.42481810832659656 0.32791728212703103 0.02021018593371059 0.026587887740029542
0 0.43734842360549714 0.3604135893648449 0.024252223120452707 0.03545051698670606
0 0.404607922392886 0.34933530280649927 0.02021018593371059 0.033973412112259974
0 0.39975747776879544 0.3190546528803545 0.018593371059013743 0.026587887740029542
0 0.3742926434923201 0.3700147710487445 0.021018593371059012 0.03988183161004431
0 0.4692805173807599 0.43131462333825704 0.025060630557801132 0.053175775480059084
0 0.5303152789005658 0.37961595273264404 0.021018593371059012 0.047267355982274745
0 0.5092966855295068 0.4771048744460857 0.02910266774454325 0.050221565731166914
0 0.5759902991107518 0.4682422451994092 0.028294260307194823 0.0620384047267356
0 0.6248989490703314 0.4844903988183161 0.02910266774454325 0.0620384047267356
0 0.6095392077607114 0.395864106351551 0.021018593371059012 0.047267355982274745
0 0.5909458367016976 0.34490398818316104 0.019401778496362165 0.03988183161004431
0 0.6240905416329829 0.31831610044313147 0.01616814874696847 0.02806499261447563
0 0.658447857720291 0.29542097488921715 0.015359741309620048 0.026587887740029542
0 0.6932093775262732 0.2703101920236337 0.016976556184316895 0.03545051698670606
0 0.6790622473726758 0.23559822747415068 0.014551333872271624 0.022156573116691287
0 0.6612772837510105 0.2444608567208272 0.014551333872271624 0.025110782865583457
0 0.723524656426839 0.257754800590842 0.014551333872271624 0.033973412112259974
0 0.7320129345189975 0.276218611521418 0.015359741309620048 0.03249630723781389
0 0.7502021018593371 0.2703101920236337 0.014551333872271624 0.026587887740029542
0 0.7679870654810024 0.2555391432791728 0.014551333872271624 0.029542097488921715
0 0.7752627324171382 0.26957163958641067 0.012934518997574777 0.025110782865583457
0 0.7639450282942603 0.2961595273264402 0.014551333872271624 0.04283604135893649
0 0.6847210994341147 0.31831610044313147 0.021018593371059012 0.03988183161004431
0 0.7970897332255457 0.2621861152141802 0.01616814874696847 0.03692762186115214
0 0.8298302344381567 0.2717872968980798 0.0137429264349232 0.03545051698670606
0 0.8451899757477769 0.2880354505169867 0.02021018593371059 0.041358936484490405
0 0.8670169765561843 0.2717872968980798 0.015359741309620048 0.03545051698670606
0 0.8803556992724333 0.2880354505169867 0.014551333872271624 0.029542097488921715
0 0.9240097008892482 0.3050221565731167 0.014551333872271624 0.033973412112259974
0 0.9187550525464834 0.3293943870014771 0.016976556184316895 0.029542097488921715
0 0.9001616814874697 0.3426883308714919 0.018593371059013743 0.041358936484490405
0 0.8795472918350848 0.3397341211225997 0.014551333872271624 0.03545051698670606
0 0.8540824575586095 0.3559822747415067 0.015359741309620048 0.044313146233382575
0 0.8362974939369442 0.3478581979320532 0.02021018593371059 0.04874446085672083
0 0.8075990299110751 0.3478581979320532 0.019401778496362165 0.03692762186115214
0 0.8055780113177041 0.31462333825701627 0.02021018593371059 0.03249630723781389
0 0.7987065481002424 0.3803545051698671 0.02263540824575586 0.04874446085672083
0 0.8439773645917542 0.4121122599704579 0.030719482619240096 0.0620384047267356
0 0.9110751818916734 0.3906942392909897 0.021018593371059012 0.054652880354505176
0 0.8977364591754243 0.47267355982274745 0.03152789005658852 0.06499261447562778
0 0.7700080840743735 0.4497784342688331 0.026677445432497976 0.060561299852289516
0 0.7142279708973323 0.4268833087149188 0.03152789005658852 0.05908419497784343
0 0.6802748585286984 0.37961595273264404 0.02021018593371059 0.044313146233382575
0 0.6479385610347614 0.39217134416543575 0.028294260307194823 0.057607090103397346
0 0.637429264349232 0.3648449039881832 0.021827000808407437 0.044313146233382575
0 0.6867421180274859 0.568685376661743 0.033144704931285365 0.06499261447562778
0 0.8067906224737267 0.5288035450516987 0.0274858528698464 0.07680945347119646
0 0.8326596604688763 0.4881831610044313 0.0274858528698464 0.057607090103397346