0 0.2920673076923077 0.328125 0.09855769230769232 0.10336538461538462
1 0.171875 0.22235576923076925 0.07451923076923077 0.08413461538461539
1 0.171875 0.11057692307692309 0.06971153846153846 0.08653846153846154
1 0.3665865384615385 0.30528846153846156 0.09855769230769232 0.125
0 0.47716346153846156 0.296875 0.10817307692307693 0.13701923076923078
0 0.578125 0.29086538461538464 0.0889423076923077 0.1201923076923077
0 0.6899038461538461 0.2980769230769231 0.16826923076923078 0.1201923076923077
0 0.8725961538461539 0.29447115384615385 0.1875 0.12740384615384617
0 0.5733173076923077 0.04807692307692308 0.09375 0.09615384615384616
0 0.47355769230769235 0.04927884615384616 0.11057692307692309 0.09855769230769232
0 0.6850961538461539 0.046875 0.16346153846153846 0.09375
0 0.8834134615384616 0.05048076923076923 0.18990384615384617 0.10096153846153846