1 0.49947916666666664 0.3037037037037037 0.06145833333333333 0.11851851851851852
1 0.5979166666666667 0.30462962962962964 0.075 0.13518518518518519
1 0.6760416666666667 0.25925925925925924 0.058333333333333334 0.12222222222222223
1 0.86875 0.29444444444444445 0.0625 0.11481481481481481
1 0.4432291666666667 0.22685185185185186 0.06145833333333333 0.12407407407407407
1 0.3442708333333333 0.2962962962962963 0.065625 0.12222222222222223
0 0.0890625 0.5416666666666667 0.140625 0.29814814814814816
0 0.253125 0.28611111111111115 0.029166666666666667 0.053703703703703705
0 0.7859375 0.30833333333333335 0.028125 0.061111111111111116
0 0.9078125 0.32592592592592595 0.057291666666666664 0.12222222222222223
0 0.9718749999999999 0.34814814814814815 0.052083333333333336 0.11481481481481481
0 0.546875 0.34074074074074073 0.027083333333333334 0.06296296296296297
0 0.5583333333333333 0.3148148148148148 0.020833333333333332 0.04814814814814815
0 0.3854166666666667 0.2925925925925926 0.022916666666666665 0.04814814814814815