1 0.5078571428571429 0.733400402414487 0.02142857142857143 0.026156941649899398
1 0.7342857142857143 0.5885311871227364 0.017142857142857144 0.026156941649899398
1 0.7892857142857143 0.5824949698189136 0.018571428571428572 0.026156941649899398
1 0.7557142857142857 0.5895372233400403 0.017142857142857144 0.024144869215291753
1 0.7678571428571429 0.6096579476861167 0.018571428571428572 0.024144869215291753
1 0.5564285714285714 0.5995975855130785 0.01 0.012072434607645876
1 0.10714285714285714 0.6066398390342053 0.008571428571428572 0.014084507042253523
1 0.14357142857142857 0.591549295774648 0.01 0.01609657947686117
1 0.19714285714285715 0.5754527162977867 0.005714285714285714 0.012072434607645876
1 0.31642857142857145 0.6177062374245473 0.01 0.01609657947686117
1 0.36428571428571427 0.5744466800804829 0.008571428571428572 0.014084507042253523
1 0.9085714285714286 0.6338028169014085 0.014285714285714285 0.024144869215291753