0 0.028846153846153848 0.3590361445783133 0.028846153846153848 0.033734939759036145
0 0.11658653846153846 0.355421686746988 0.01682692307692308 0.02168674698795181
0 0.13701923076923078 0.3722891566265061 0.03365384615384616 0.03614457831325302
0 0.1875 0.363855421686747 0.019230769230769232 0.024096385542168676
0 0.21875 0.4048192771084338 0.014423076923076924 0.01927710843373494
0 0.27884615384615385 0.3855421686746988 0.02403846153846154 0.033734939759036145
0 0.3185096153846154 0.3759036144578314 0.03605769230769231 0.04337349397590362
0 0.3966346153846154 0.3710843373493976 0.06730769230769232 0.0819277108433735
0 0.5324519230769231 0.3698795180722892 0.05528846153846154 0.06506024096385543
0 0.5817307692307693 0.3975903614457832 0.014423076923076924 0.014457831325301207
0 0.6033653846153847 0.391566265060241 0.014423076923076924 0.016867469879518072
0 0.6694711538461539 0.3879518072289157 0.040865384615384616 0.05783132530120483