1 0.645 0.7127777777777777 0.023333333333333334 0.016666666666666666
1 0.21000000000000002 0.6383333333333333 0.02 0.014444444444444444
1 0.33166666666666667 0.5288888888888889 0.016666666666666666 0.013333333333333332
1 0.5641666666666667 0.4988888888888889 0.018333333333333333 0.013333333333333332
1 0.535 0.5061111111111111 0.016666666666666666 0.012222222222222223
1 0.25833333333333336 0.6177777777777778 0.016666666666666666 0.013333333333333332
1 0.1716666666666667 0.5222222222222223 0.016666666666666666 0.011111111111111112
1 0.14583333333333334 0.3861111111111111 0.015000000000000001 0.012222222222222223
1 0.8825000000000001 0.545 0.018333333333333333 0.012222222222222223
1 0.9258333333333334 0.43277777777777776 0.015000000000000001 0.01
1 0.195 0.8455555555555555 0.023333333333333334 0.017777777777777778
1 0.7983333333333333 0.45222222222222225 0.016666666666666666 0.013333333333333332
1 0.14750000000000002 0.5922222222222222 0.021666666666666667 0.015555555555555555
1 0.28500000000000003 0.5 0.02 0.013333333333333332
1 0.16083333333333336 0.4627777777777778 0.015000000000000001 0.01
1 0.0975 0.45055555555555554 0.015000000000000001 0.012222222222222223
1 0.24916666666666668 0.43277777777777776 0.015000000000000001 0.012222222222222223
1 0.52 0.5116666666666667 0.016666666666666666 0.012222222222222223
1 0.755 0.45222222222222225 0.016666666666666666 0.011111111111111112
1 0.6900000000000001 0.4066666666666667 0.013333333333333334 0.011111111111111112
1 0.9275000000000001 0.5172222222222222 0.018333333333333333 0.014444444444444444
0 0.028333333333333335 0.5372222222222223 0.016666666666666666 0.012222222222222223
1 0.21083333333333334 0.6738888888888889 0.021666666666666667 0.016666666666666666
1 0.035 0.7927777777777778 0.02666666666666667 0.021111111111111112
1 0.88 0.6566666666666666 0.02 0.015555555555555555