1 0.7596153846153847 0.32530120481927716 0.10096153846153846 0.13493975903614458
1 0.5228365384615384 0.3204819277108434 0.0889423076923077 0.12530120481927712
0 0.3293269230769231 0.3481927710843374 0.07211538461538462 0.0891566265060241
1 0.234375 0.3132530120481928 0.09855769230769232 0.13975903614457832
1 0.5757211538461539 0.34698795180722897 0.040865384615384616 0.05783132530120483
1 0.12980769230769232 0.31927710843373497 0.08653846153846154 0.10843373493975905
1 0.022836538461538464 0.4012048192771085 0.026442307692307696 0.026506024096385545
1 0.9435096153846154 0.4337349397590362 0.03125 0.04337349397590362
1 0.7596153846153847 0.051807228915662654 0.10096153846153846 0.10361445783132531
1 0.5216346153846154 0.054216867469879526 0.08653846153846154 0.10843373493975905
1 0.5757211538461539 0.024096385542168676 0.040865384615384616 0.04819277108433735
0 0.32572115384615385 0.030120481927710847 0.06009615384615385 0.06024096385542169
1 0.234375 0.06024096385542169 0.09855769230769232 0.12048192771084339
1 0.12980769230769232 0.050602409638554224 0.08173076923076923 0.10120481927710845