0 0.19644902634593356 0.3637274549098196 0.042382588774341354 0.08216432865731463
0 0.3115693012600229 0.2254509018036072 0.018327605956471937 0.03006012024048096
0 0.3281786941580756 0.19238476953907813 0.019473081328751432 0.03607214428857715
0 0.3465063001145475 0.19939879759519036 0.019473081328751432 0.03406813627254509
0 0.41179839633447884 0.2034068136272545 0.019473081328751432 0.038076152304609215
0 0.41924398625429554 0.17635270541082163 0.018327605956471937 0.03206412825651302
0 0.44272623138602524 0.21442885771543085 0.019473081328751432 0.03607214428857715
0 0.4450171821305842 0.18537074148296592 0.01718213058419244 0.03006012024048096
0 0.4690721649484536 0.187374749498998 0.014891179839633449 0.03406813627254509
0 0.47651775486827036 0.22645290581162322 0.020618556701030927 0.044088176352705406
0 0.4421534936998855 0.15230460921843686 0.013745704467353952 0.028056112224448895
0 0.46334478808705615 0.14529058116232463 0.010309278350515464 0.022044088176352703
0 0.4805269186712486 0.1472945891783567 0.012600229095074456 0.026052104208416832
0 0.46563573883161513 0.13326653306613226 0.012600229095074456 0.022044088176352703
0 0.4885452462772051 0.13026052104208416 0.012600229095074456 0.028056112224448895
0 0.5051546391752577 0.13927855711422846 0.013745704467353952 0.03406813627254509
0 0.497709049255441 0.15531062124248496 0.014891179839633449 0.03406813627254509
0 0.5332187857961054 0.15430861723446893 0.012600229095074456 0.028056112224448895
0 0.5246277205040092 0.1372745490981964 0.01145475372279496 0.018036072144288574
0 0.5429553264604812 0.13827655310621242 0.01145475372279496 0.024048096192384766
0 0.5498281786941581 0.12324649298597193 0.009163802978235968 0.022044088176352703
0 0.5498281786941581 0.16332665330661322 0.016036655211912946 0.03406813627254509
0 0.5395189003436426 0.18537074148296592 0.016036655211912946 0.038076152304609215
0 0.5801832760595648 0.1653306613226453 0.014891179839633449 0.03406813627254509
0 0.5744558991981673 0.1412825651302605 0.014891179839633449 0.03006012024048096
0 0.577319587628866 0.11523046092184368 0.016036655211912946 0.022044088176352703
0 0.5950744558991982 0.14328657314629256 0.014891179839633449 0.03406813627254509
0 0.6042382588774342 0.1312625250501002 0.010309278350515464 0.026052104208416832
0 0.6214203894616266 0.10420841683366733 0.012600229095074456 0.024048096192384766
0 0.6374570446735396 0.12324649298597193 0.012600229095074456 0.026052104208416832
0 0.6460481099656358 0.10921843687374748 0.01145475372279496 0.022044088176352703
0 0.6592210767468499 0.10821643286573146 0.010309278350515464 0.024048096192384766
0 0.6529209621993127 0.12925851703406813 0.01145475372279496 0.026052104208416832
0 0.6460481099656358 0.14929859719438876 0.013745704467353952 0.03006012024048096
0 0.6248568155784651 0.15430861723446893 0.01718213058419244 0.028056112224448895
0 0.6798396334478809 0.12024048096192384 0.010309278350515464 0.024048096192384766
0 0.6941580756013745 0.12424849699398796 0.01145475372279496 0.03206412825651302
0 0.6987399770904926 0.11623246492985971 0.009163802978235968 0.024048096192384766
0 0.7096219931271478 0.16733466933867733 0.014891179839633449 0.026052104208416832
0 0.6609392898052692 0.18637274549098196 0.018327605956471937 0.04008016032064128
0 0.6397479954180986 0.19939879759519036 0.019473081328751432 0.038076152304609215
0 0.579610538373425 0.2314629258517034 0.018327605956471937 0.04208416833667334
0 0.5939289805269187 0.29959919839679355 0.030927835051546393 0.0781563126252505
0 0.6300114547537228 0.24348697394789579 0.018327605956471937 0.038076152304609215
0 0.5148911798396335 0.2865731462925851 0.026345933562428408 0.04809619238476953
0 0.6632302405498282 0.2695390781563126 0.020618556701030927 0.04208416833667334
0 0.6655211912943872 0.2224448897795591 0.020618556701030927 0.04008016032064128
0 0.6964490263459336 0.21042084168336672 0.018327605956471937 0.03607214428857715
0 0.7256586483390608 0.21743486973947895 0.024054982817869417 0.04208416833667334
0 0.6924398625429553 0.312625250501002 0.033218785796105384 0.06012024048096192
0 0.7233676975945017 0.3537074148296593 0.033218785796105384 0.07414829659318636
0 0.7542955326460481 0.1282565130260521 0.012600229095074456 0.028056112224448895
0 0.7571592210767469 0.14529058116232463 0.013745704467353952 0.038076152304609215
0 0.7783505154639175 0.1412825651302605 0.012600229095074456 0.03006012024048096
0 0.7938144329896908 0.17034068136272543 0.013745704467353952 0.03206412825651302
0 0.7709049255441008 0.18036072144288576 0.016036655211912946 0.03206412825651302
0 0.7405498281786942 0.1723446893787575 0.014891179839633449 0.03206412825651302
0 0.779495990836197 0.23847695390781562 0.019473081328751432 0.03607214428857715
0 0.8127147766323024 0.19338677354709416 0.014891179839633449 0.03406813627254509
0 0.8258877434135167 0.17434869739478956 0.013745704467353952 0.03206412825651302
0 0.8396334478808706 0.156312625250501 0.013745704467353952 0.03206412825651302
0 0.8602520045819015 0.19539078156312623 0.016036655211912946 0.04208416833667334
0 0.8774341351660939 0.15831663326653306 0.018327605956471937 0.03607214428857715
0 0.9112256586483392 0.16733466933867733 0.014891179839633449 0.03406813627254509
0 0.9392898052691867 0.1723446893787575 0.013745704467353952 0.03607214428857715
0 0.936426116838488 0.2124248496993988 0.014891179839633449 0.03607214428857715
0 0.9215349369988546 0.24248496993987975 0.019473081328751432 0.044088176352705406
0 0.934135166093929 0.2374749498997996 0.014891179839633449 0.038076152304609215
0 0.9255441008018328 0.29058116232464926 0.020618556701030927 0.05611222444889779
0 0.9123711340206186 0.33266533066132264 0.021764032073310426 0.06412825651302605
0 0.8739977090492554 0.26452905811623245 0.020618556701030927 0.052104208416833664
0 0.8648339060710195 0.18236472945891782 0.013745704467353952 0.03607214428857715
0 0.8894616265750287 0.19539078156312623 0.01718213058419244 0.038076152304609215
0 0.884306987399771 0.2254509018036072 0.020618556701030927 0.038076152304609215
0 0.8218785796105385 0.21743486973947895 0.014891179839633449 0.04208416833667334
0 0.8012600229095075 0.2715430861723447 0.028636884306987402 0.05410821643286573
0 0.8104238258877434 0.2635270541082164 0.019473081328751432 0.04609218436873747
0 0.8447880870561283 0.2945891783567134 0.019473081328751432 0.052104208416833664
0 0.8155784650630011 0.34669338677354705 0.03207331042382589 0.06412825651302605
0 0.8934707903780069 0.4348697394789579 0.029782359679266898 0.08016032064128256