0 0.9591346153846154 0.35060240963855427 0.07692307692307693 0.09879518072289158
0 0.8629807692307693 0.363855421686747 0.06730769230769232 0.07710843373493977
0 0.733173076923077 0.3963855421686747 0.0625 0.06506024096385543
0 0.5625 0.3975903614457832 0.10096153846153846 0.11566265060240966
0 0.44230769230769235 0.419277108433735 0.06730769230769232 0.08674698795180724
0 0.30649038461538464 0.4048192771084338 0.06971153846153846 0.0963855421686747
0 0.04326923076923077 0.4084337349397591 0.019230769230769232 0.026506024096385545
0 0.1622596153846154 0.4060240963855422 0.01682692307692308 0.02168674698795181
0 0.25480769230769235 0.4036144578313253 0.019230769230769232 0.026506024096385545
0 0.21514423076923078 0.4204819277108434 0.01682692307692308 0.02168674698795181
0 0.19711538461538464 0.4084337349397591 0.014423076923076924 0.02168674698795181