1 0.28300000000000003 0.2927927927927928 0.07 0.12912912912912913
1 0.015 0.3033033033033033 0.026000000000000002 0.04804804804804805
1 0.048 0.3003003003003003 0.028 0.04804804804804805
1 0.068 0.2912912912912913 0.02 0.04204204204204204
1 0.092 0.3048048048048048 0.016 0.02702702702702703
1 0.12 0.28378378378378377 0.024 0.04504504504504504
1 0.14300000000000002 0.2822822822822823 0.022 0.04204204204204204
1 0.163 0.29429429429429427 0.026000000000000002 0.04204204204204204
1 0.188 0.2927927927927928 0.016 0.03303303303303303
1 0.202 0.2882882882882883 0.02 0.04204204204204204
1 0.22 0.28678678678678676 0.02 0.04504504504504504
1 0.396 0.2822822822822823 0.056 0.1021021021021021
1 0.36 0.27927927927927926 0.024 0.04804804804804805
1 0.34 0.2777777777777778 0.02 0.03903903903903904
1 0.32 0.27627627627627627 0.02 0.036036036036036036
1 0.23600000000000002 0.29429429429429427 0.016 0.03003003003003003
1 0.436 0.26576576576576577 0.028 0.05105105105105105
1 0.455 0.2627627627627628 0.022 0.05105105105105105
1 0.47500000000000003 0.2777777777777778 0.022 0.04504504504504504
1 0.518 0.27177177177177175 0.024 0.05105105105105105
1 0.549 0.2732732732732733 0.022 0.04204204204204204
1 0.558 0.25975975975975973 0.016 0.03303303303303303
1 0.5740000000000001 0.28378378378378377 0.02 0.03303303303303303
1 0.587 0.2732732732732733 0.018000000000000002 0.05405405405405406
1 0.666 0.2957957957957958 0.028 0.05105105105105105
0 0.496 0.27627627627627627 0.032 0.06606606606606606
1 0.749 0.25825825825825827 0.034 0.06006006006006006
1 0.8150000000000001 0.2882882882882883 0.026000000000000002 0.04204204204204204
1 0.835 0.25375375375375375 0.026000000000000002 0.04504504504504504
1 0.878 0.3018018018018018 0.028 0.05105105105105105
1 0.904 0.2822822822822823 0.024 0.04804804804804805
1 0.979 0.3033033033033033 0.03 0.05405405405405406
1 0.9500000000000001 0.27177177177177175 0.028 0.04504504504504504
1 0.977 0.26126126126126126 0.018000000000000002 0.03003003003003003
1 0.993 0.2852852852852853 0.01 0.04804804804804805
1 0.858 0.28378378378378377 0.024 0.03303303303303303
1 0.789 0.28678678678678676 0.022 0.04504504504504504
1 0.64 0.26576576576576577 0.02 0.04504504504504504
1 0.61 0.2747747747747748 0.02 0.04504504504504504
1 0.621 0.2732732732732733 0.018000000000000002 0.036036036036036036
1 0.71 0.2882882882882883 0.024 0.04804804804804805
1 0.6890000000000001 0.26426426426426425 0.014 0.036036036036036036