1 0.02125 0.2591973244147157 0.0425 0.08361204013377926
1 0.03 0.2525083612040134 0.055 0.09698996655518395
1 0.09875 0.25585284280936454 0.0475 0.0903010033444816
1 0.16875 0.24414715719063546 0.0475 0.09364548494983277
1 0.14375000000000002 0.24749163879598662 0.0325 0.07357859531772575
1 0.20625000000000002 0.27591973244147155 0.0375 0.07692307692307693
1 0.23500000000000001 0.2591973244147157 0.04 0.07023411371237458
1 0.28125 0.2591973244147157 0.0425 0.07692307692307693
1 0.31375000000000003 0.2608695652173913 0.0275 0.06020066889632107
1 0.34500000000000003 0.2842809364548495 0.04 0.07357859531772575
1 0.37125 0.26755852842809363 0.0375 0.06688963210702341
1 0.40125 0.294314381270903 0.0375 0.06688963210702341
1 0.43375 0.2926421404682274 0.0375 0.06354515050167224
1 0.46625 0.2842809364548495 0.0325 0.06688963210702341
1 0.4875 0.29765886287625415 0.035 0.06688963210702341
1 0.5337500000000001 0.32274247491638797 0.0625 0.09698996655518395
1 0.49625 0.24749163879598662 0.0275 0.033444816053511704
1 0.5825 0.2692307692307692 0.03 0.056856187290969896
1 0.6175 0.2809364548494983 0.04 0.06020066889632107
1 0.68125 0.30267558528428096 0.0325 0.056856187290969896
1 0.71625 0.29933110367892973 0.0375 0.056856187290969896
1 0.7875 0.2709030100334448 0.07 0.11371237458193979
1 0.87875 0.29598662207357856 0.0475 0.06354515050167224
1 0.85375 0.30434782608695654 0.0275 0.05351170568561873
1 0.935 0.3177257525083612 0.045 0.07357859531772575
1 0.97875 0.3210702341137124 0.0375 0.07357859531772575