0 0.54199604743083 0.28646748681898065 0.0266798418972332 0.06678383128295254
0 0.525691699604743 0.2680140597539543 0.021739130434782608 0.05799648506151142
0 0.541501976284585 0.19420035149384884 0.017786561264822132 0.040421792618629174
0 0.617094861660079 0.20298769771528996 0.02075098814229249 0.04745166959578207
0 0.6576086956521738 0.2521968365553603 0.022727272727272724 0.05448154657293497
0 0.66699604743083 0.22231985940246043 0.017786561264822132 0.04393673110720562
0 0.6714426877470355 0.1994727592267135 0.014822134387351778 0.04393673110720562
0 0.7020750988142292 0.20210896309314585 0.016798418972332016 0.03866432337434095
0 0.7411067193675889 0.21001757469244287 0.015810276679841896 0.040421792618629174
0 0.7692687747035573 0.2398945518453427 0.02075098814229249 0.050966608084358524
0 0.8191699604743082 0.24956063268892792 0.01976284584980237 0.05272407732864674
0 0.7168972332015809 0.30140597539543057 0.022727272727272724 0.05448154657293497
0 0.733695652173913 0.35061511423550085 0.024703557312252964 0.07557117750439367
0 0.8315217391304347 0.4042179261862917 0.028656126482213436 0.07381370826010544
0 0.8720355731225296 0.43321616871704743 0.03260869565217391 0.08260105448154657