1 0.8161322645290581 0.3731155778894472 0.04308617234468937 0.10804020100502512
1 0.7444889779559117 0.37939698492462315 0.038076152304609215 0.12060301507537688
1 0.6833667334669338 0.42085427135678394 0.038076152304609215 0.11306532663316583
1 0.62374749498998 0.40703517587939697 0.03707414829659318 0.10050251256281408
1 0.562625250501002 0.4535175879396985 0.03507014028056112 0.10301507537688442
1 0.503006012024048 0.44095477386934673 0.03406813627254509 0.11306532663316583
1 0.4288577154308617 0.4258793969849246 0.038076152304609215 0.10804020100502512
1 0.36022044088176347 0.41959798994974873 0.041082164328657314 0.11557788944723618
1 0.2970941883767535 0.40954773869346733 0.03907815631262525 0.11055276381909548
1 0.22795591182364727 0.4120603015075377 0.04308617234468937 0.12060301507537688
1 0.15831663326653306 0.3982412060301508 0.04208416833667334 0.12311557788944724