0 0.03485576923076923 0.45432692307692313 0.040865384615384616 0.05288461538461539
0 0.12740384615384617 0.4362980769230769 0.038461538461538464 0.04567307692307693
0 0.24158653846153846 0.33052884615384615 0.0889423076923077 0.09375
0 0.4086538461538462 0.3617788461538462 0.0625 0.07932692307692309
0 0.49759615384615385 0.4362980769230769 0.038461538461538464 0.04567307692307693
0 0.5492788461538461 0.4086538461538462 0.040865384615384616 0.0625
0 0.5901442307692308 0.37259615384615385 0.06971153846153846 0.08653846153846154
0 0.7199519230769231 0.4435096153846154 0.05048076923076923 0.06490384615384616
0 0.8016826923076924 0.3545673076923077 0.08413461538461539 0.09855769230769232
0 0.9086538461538463 0.38461538461538464 0.07211538461538462 0.07692307692307693
0 0.23918269230769232 0.022836538461538464 0.09375 0.04567307692307693