0 0.05767441860465117 0.41044776119402987 0.035348837209302326 0.0812603648424544
0 0.2525581395348837 0.2810945273631841 0.021395348837209303 0.03150912106135987
0 0.2869767441860465 0.26616915422885573 0.017674418604651163 0.03150912106135987
0 0.30837209302325586 0.28192371475953565 0.017674418604651163 0.03980099502487562
0 0.3144186046511628 0.25290215588723053 0.018604651162790697 0.03814262023217247
0 0.30790697674418605 0.22388059701492538 0.01674418604651163 0.026533996683250415
0 0.34139534883720934 0.2230514096185738 0.018604651162790697 0.03150912106135987
0 0.34139534883720934 0.27363184079601993 0.022325581395348838 0.03648424543946932
0 0.3697674418604651 0.21227197346600332 0.015813953488372095 0.03316749585406302
0 0.38093023255813957 0.19734660033167498 0.017674418604651163 0.023217247097844115
0 0.38279069767441865 0.21061359867330018 0.015813953488372095 0.03316749585406302
0 0.39720930232558144 0.29519071310116085 0.02046511627906977 0.04311774461028192
0 0.42418604651162795 0.21724709784411278 0.018604651162790697 0.029850746268656716
0 0.4227906976744186 0.18407960199004975 0.015813953488372095 0.03648424543946932
0 0.42697674418604653 0.16666666666666666 0.014883720930232559 0.024875621890547265
0 0.44976744186046513 0.14759535655058043 0.015813953488372095 0.029850746268656716
0 0.4525581395348837 0.16749585406301826 0.013953488372093025 0.03648424543946932
0 0.4544186046511628 0.21807628524046435 0.015813953488372095 0.03814262023217247
0 0.4390697674418605 0.19237147595356552 0.018604651162790697 0.029850746268656716
0 0.47116279069767447 0.14759535655058043 0.012093023255813955 0.023217247097844115
0 0.47581395348837213 0.16334991708126037 0.017674418604651163 0.028192371475953566
0 0.47674418604651164 0.19237147595356552 0.015813953488372095 0.029850746268656716
0 0.4930232558139535 0.20066334991708126 0.02046511627906977 0.03648424543946932
0 0.4813953488372093 0.22553897180762852 0.017674418604651163 0.03980099502487562
0 0.48093023255813955 0.296849087893864 0.026046511627906978 0.04311774461028192
0 0.48418604651162794 0.13101160862354894 0.012093023255813955 0.026533996683250415
0 0.5153488372093024 0.15505804311774463 0.01674418604651163 0.024875621890547265
0 0.5055813953488373 0.17495854063018243 0.021395348837209303 0.03814262023217247
0 0.5204651162790698 0.13681592039800997 0.017674418604651163 0.03150912106135987
0 0.5353488372093024 0.16086235489220566 0.015813953488372095 0.03648424543946932
0 0.5423255813953489 0.19402985074626866 0.014883720930232559 0.03980099502487562
0 0.5465116279069768 0.1384742951907131 0.012093023255813955 0.028192371475953566
0 0.5544186046511628 0.1451077943615257 0.011162790697674419 0.028192371475953566
0 0.5632558139534884 0.16832504145936983 0.015813953488372095 0.03814262023217247
0 0.5711627906976745 0.1558872305140962 0.014883720930232559 0.029850746268656716
0 0.56 0.11194029850746269 0.014883720930232559 0.024875621890547265
0 0.5795348837209303 0.12935323383084577 0.014883720930232559 0.026533996683250415
0 0.6013953488372094 0.09867330016583749 0.015813953488372095 0.028192371475953566
0 0.6055813953488373 0.11194029850746269 0.014883720930232559 0.024875621890547265
0 0.618139534883721 0.09867330016583749 0.010232558139534885 0.02155887230514096
0 0.6344186046511628 0.10364842454394693 0.013023255813953489 0.028192371475953566
0 0.6427906976744187 0.11442786069651742 0.011162790697674419 0.026533996683250415
0 0.6674418604651163 0.12106135986733002 0.015813953488372095 0.026533996683250415
0 0.6972093023255814 0.09701492537313433 0.012093023255813955 0.03150912106135987
0 0.6195348837209302 0.14096185737976782 0.01674418604651163 0.029850746268656716
0 0.6474418604651163 0.17744610281923714 0.018604651162790697 0.03648424543946932
0 0.6567441860465116 0.20480928689883915 0.018604651162790697 0.03814262023217247
0 0.6018604651162791 0.2064676616915423 0.02046511627906977 0.03814262023217247
0 0.6009302325581396 0.2537313432835821 0.02418604651162791 0.04311774461028192
0 0.5716279069767443 0.24378109452736318 0.025116279069767444 0.03980099502487562
0 0.5576744186046512 0.29270315091210614 0.025116279069767444 0.05140961857379768
0 0.5753488372093024 0.36650082918739635 0.028837209302325584 0.05306799336650083
0 0.6725581395348837 0.3275290215588723 0.03162790697674419 0.05804311774461028
0 0.6534883720930232 0.2537313432835821 0.025116279069767444 0.04975124378109453
0 0.7009302325581396 0.2835820895522388 0.028837209302325584 0.05638474295190713
0 0.6958139534883722 0.21227197346600332 0.022325581395348838 0.04975124378109453
0 0.6758139534883721 0.1517412935323383 0.019534883720930235 0.03814262023217247
0 0.6995348837209303 0.14344941956882257 0.01674418604651163 0.028192371475953566
0 0.7009302325581396 0.17744610281923714 0.019534883720930235 0.03980099502487562
0 0.7232558139534884 0.16500829187396351 0.015813953488372095 0.03482587064676617
0 0.7297674418604652 0.12189054726368159 0.013953488372093025 0.03150912106135987
0 0.7413953488372094 0.11857379767827529 0.014883720930232559 0.024875621890547265
0 0.7409302325581396 0.14013266998341625 0.015813953488372095 0.03150912106135987
0 0.7441860465116279 0.18407960199004975 0.01674418604651163 0.03648424543946932
0 0.7534883720930233 0.24958540630182421 0.02046511627906977 0.04809286898839138
0 0.7706976744186047 0.29270315091210614 0.025116279069767444 0.05804311774461028
0 0.7604651162790698 0.12603648424543948 0.013953488372093025 0.026533996683250415
0 0.7627906976744186 0.15671641791044777 0.01674418604651163 0.028192371475953566
0 0.7772093023255814 0.11940298507462686 0.012093023255813955 0.029850746268656716
0 0.7911627906976745 0.13432835820895522 0.015813953488372095 0.03316749585406302
0 0.8148837209302326 0.12437810945273632 0.013023255813953489 0.03316749585406302
0 0.8265116279069767 0.13764510779436154 0.013953488372093025 0.03648424543946932
0 0.8125581395348838 0.16169154228855723 0.012093023255813955 0.03482587064676617
0 0.7906976744186047 0.18490878938640132 0.01674418604651163 0.03482587064676617
0 0.8395348837209303 0.18490878938640132 0.019534883720930235 0.03482587064676617
0 0.8451162790697675 0.15422885572139303 0.013953488372093025 0.03316749585406302
0 0.8646511627906978 0.12686567164179105 0.015813953488372095 0.03150912106135987
0 0.8618604651162791 0.16169154228855723 0.015813953488372095 0.03482587064676617
0 0.864186046511628 0.21227197346600332 0.02046511627906977 0.03980099502487562
0 0.8758139534883721 0.1956882255389718 0.015813953488372095 0.03648424543946932
0 0.8837209302325582 0.17412935323383086 0.014883720930232559 0.03316749585406302
0 0.8930232558139536 0.1351575456053068 0.013023255813953489 0.03150912106135987
0 0.9223255813953489 0.1558872305140962 0.012093023255813955 0.023217247097844115
0 0.930232558139535 0.1625207296849088 0.014883720930232559 0.03648424543946932
0 0.9130232558139535 0.19071310116086235 0.017674418604651163 0.03980099502487562
0 0.9134883720930234 0.28689883913764513 0.02418604651162791 0.05306799336650083