0 0.05788876276958002 0.41217564870259477 0.03859250851305335 0.08582834331337325
0 0.1021566401816118 0.405189620758483 0.03859250851305335 0.08782435129740518
0 0.22985244040862657 0.32834331337325345 0.026106696935300794 0.05389221556886227
0 0.31668558456299656 0.2085828343313373 0.018161180476730987 0.02994011976047904
0 0.33314415437003403 0.21656686626746505 0.019296254256526674 0.03393213572854291
0 0.3484676503972758 0.21856287425149698 0.02043132803632236 0.041916167664670656
0 0.380249716231555 0.19461077844311375 0.015891032917139614 0.02594810379241517
0 0.43132803632236094 0.20758483033932135 0.022701475595913734 0.03992015968063872
0 0.5561861520998865 0.14171656686626746 0.022701475595913734 0.03992015968063872
0 0.5998864926220204 0.06586826347305388 0.012485811577752554 0.02395209580838323
0 0.7037457434733257 0.07085828343313373 0.011350737797956867 0.02994011976047904
0 0.6498297389330306 0.1337325349301397 0.0170261066969353 0.031936127744510975
0 0.637911464245176 0.15069860279441116 0.02043132803632236 0.02994011976047904
0 0.6174801362088536 0.19061876247504989 0.015891032917139614 0.03393213572854291
0 0.6986379114642451 0.1806387225548902 0.014755959137343927 0.03393213572854291
0 0.6765039727582293 0.249500998003992 0.018161180476730987 0.03592814371257485
0 0.5925085130533485 0.28243512974051893 0.029511918274687854 0.04590818363273453
0 0.524971623155505 0.2894211576846307 0.026106696935300794 0.05189620758483034
0 0.5073779795686719 0.26946107784431134 0.024971623155505107 0.04790419161676646