1 0.1983173076923077 0.5048192771084338 0.040865384615384616 0.03132530120481928
1 0.3966346153846154 0.4108433734939759 0.028846153846153848 0.026506024096385545
1 0.42668269230769235 0.49638554216867475 0.05048076923076923 0.04337349397590362
1 0.44230769230769235 0.3975903614457832 0.028846153846153848 0.033734939759036145
1 0.5540865384615385 0.4132530120481928 0.026442307692307696 0.03132530120481928
1 0.5877403846153847 0.4024096385542169 0.021634615384615384 0.028915662650602414
0 0.6634615384615385 0.3963855421686747 0.014423076923076924 0.012048192771084338
1 0.7728365384615385 0.5614457831325301 0.05048076923076923 0.06265060240963856
1 0.9459134615384616 0.49277108433734945 0.040865384615384616 0.026506024096385545
1 0.8834134615384616 0.3951807228915663 0.03125 0.028915662650602414
1 0.8305288461538461 0.391566265060241 0.03605769230769231 0.03132530120481928