1 0.45833333333333337 0.5446428571428571 0.12333333333333334 0.1875
1 0.36000000000000004 0.546875 0.09333333333333334 0.13839285714285712
1 0.060000000000000005 0.5982142857142857 0.11333333333333334 0.17857142857142855
1 0.10166666666666667 0.5133928571428571 0.07666666666666667 0.11607142857142856
1 0.8933333333333334 0.5133928571428571 0.08666666666666667 0.13392857142857142
1 0.75 0.4933035714285714 0.06666666666666667 0.10267857142857142
1 0.7150000000000001 0.453125 0.043333333333333335 0.07589285714285714
1 0.6616666666666667 0.4665178571428571 0.05666666666666667 0.08482142857142856
1 0.615 0.4620535714285714 0.05 0.08482142857142856
1 0.5650000000000001 0.45535714285714285 0.043333333333333335 0.05357142857142857
1 0.16833333333333333 0.3839285714285714 0.043333333333333335 0.0625
1 0.42500000000000004 0.40625 0.030000000000000002 0.04464285714285714
1 0.45833333333333337 0.42857142857142855 0.030000000000000002 0.05357142857142857
1 0.49000000000000005 0.4308035714285714 0.02666666666666667 0.040178571428571425
1 0.5183333333333333 0.43303571428571425 0.03666666666666667 0.04464285714285714
1 0.39333333333333337 0.40625 0.02 0.03571428571428571
1 0.5133333333333334 0.37053571428571425 0.02 0.026785714285714284
1 0.46166666666666667 0.3638392857142857 0.016666666666666666 0.02232142857142857
0 0.5750000000000001 0.34375 0.023333333333333334 0.04464285714285714
0 0.79 0.47991071428571425 0.05333333333333334 0.08482142857142856
0 0.5283333333333333 0.2544642857142857 0.023333333333333334 0.026785714285714284