0 0.07451923076923077 0.3722891566265061 0.0625 0.06024096385542169
0 0.20072115384615385 0.3337349397590362 0.021634615384615384 0.02168674698795181
0 0.10096153846153846 0.3301204819277109 0.014423076923076924 0.01927710843373494
0 0.2403846153846154 0.33614457831325306 0.019230769230769232 0.03132530120481928
0 0.30528846153846156 0.35421686746987957 0.06730769230769232 0.07228915662650603
0 0.4483173076923077 0.35421686746987957 0.05048076923076923 0.05301204819277109
0 0.6286057692307693 0.3313253012048193 0.04567307692307693 0.06506024096385543
0 0.8305288461538461 0.34698795180722897 0.07451923076923077 0.07710843373493977
0 0.010817307692307692 0.3891566265060241 0.021634615384615384 0.06506024096385543
0 0.5889423076923077 0.3698795180722892 0.038461538461538464 0.050602409638554224
0 0.7980769230769231 0.31927710843373497 0.038461538461538464 0.055421686746987955
0 0.9903846153846154 0.31566265060240967 0.014423076923076924 0.06265060240963856