0 0.0851063829787234 0.573943661971831 0.0458265139116203 0.1056338028169014
0 0.18289689034369885 0.301056338028169 0.01882160392798691 0.0528169014084507
0 0.2127659574468085 0.29401408450704225 0.02291325695581015 0.0528169014084507
0 0.25531914893617025 0.2517605633802817 0.02127659574468085 0.03873239436619719
0 0.2958265139116203 0.22975352112676056 0.020458265139116204 0.04753521126760563
0 0.29705400981996727 0.25440140845070425 0.02127659574468085 0.04401408450704226
0 0.31833060556464815 0.23767605633802819 0.01800327332242226 0.045774647887323945
0 0.338379705400982 0.22183098591549297 0.015548281505728316 0.035211267605633804
0 0.35310965630114566 0.20862676056338028 0.020458265139116204 0.03345070422535212
0 0.37970540098199673 0.19806338028169015 0.01800327332242226 0.040492957746478875
0 0.3772504091653028 0.2535211267605634 0.01800327332242226 0.035211267605633804
0 0.3567921440261866 0.2772887323943662 0.02291325695581015 0.04753521126760563
0 0.4296235679214403 0.323943661971831 0.024549918166939445 0.056338028169014086
0 0.42512274959083474 0.20246478873239437 0.015548281505728316 0.03873239436619719
0 0.43126022913256956 0.17341549295774647 0.01309328968903437 0.04401408450704226
0 0.44639934533551556 0.17517605633802819 0.015548281505728316 0.029929577464788734
0 0.4631751227495909 0.16285211267605634 0.016366612111292964 0.040492957746478875
0 0.48404255319148937 0.1637323943661972 0.013911620294599018 0.04225352112676056
0 0.4828150572831424 0.21566901408450706 0.016366612111292964 0.040492957746478875
0 0.4603109656301146 0.2632042253521127 0.020458265139116204 0.04753521126760563
0 0.5110474631751227 0.17693661971830987 0.01718494271685761 0.04753521126760563
0 0.546644844517185 0.14524647887323944 0.01309328968903437 0.040492957746478875
0 0.5699672667757775 0.1426056338028169 0.013911620294599018 0.035211267605633804
0 0.5887888707037644 0.13380281690140847 0.013911620294599018 0.035211267605633804
0 0.5994271685761048 0.16109154929577466 0.015548281505728316 0.03345070422535212
0 0.5720130932896891 0.2068661971830986 0.016366612111292964 0.040492957746478875
0 0.5462356792144026 0.22711267605633803 0.015548281505728316 0.03873239436619719
0 0.6231587561374796 0.1329225352112676 0.015548281505728316 0.029929577464788734
0 0.6157937806873978 0.2068661971830986 0.013911620294599018 0.040492957746478875
0 0.5973813420621932 0.2007042253521127 0.016366612111292964 0.04225352112676056
0 0.6493453355155483 0.14612676056338028 0.013911620294599018 0.035211267605633804
0 0.6620294599018004 0.13996478873239437 0.014729950900163666 0.029929577464788734
0 0.6505728314238953 0.18838028169014084 0.014729950900163666 0.035211267605633804
0 0.6841243862520459 0.14524647887323944 0.014729950900163666 0.029929577464788734
0 0.6837152209492635 0.17253521126760563 0.013911620294599018 0.04225352112676056
0 0.7033551554828151 0.1681338028169014 0.015548281505728316 0.03697183098591549
0 0.6890343698854338 0.22095070422535212 0.016366612111292964 0.03697183098591549
0 0.6669394435351882 0.24295774647887325 0.02127659574468085 0.04929577464788733
0 0.6170212765957447 0.30721830985915494 0.02291325695581015 0.04753521126760563
0 0.5662847790507365 0.35827464788732394 0.027823240589198037 0.061619718309859156
0 0.6014729950900164 0.37940140845070425 0.024549918166939445 0.058098591549295774
0 0.6534369885433715 0.4102112676056338 0.02700490998363339 0.05985915492957747
0 0.7160392798690671 0.4154929577464789 0.024549918166939445 0.07042253521126761
0 0.7884615384615385 0.4621478873239437 0.02700490998363339 0.07922535211267606
0 0.8629296235679215 0.511443661971831 0.02536824877250409 0.07922535211267606
0 0.8858428805237316 0.4251760563380282 0.020458265139116204 0.0545774647887324
0 0.9521276595744681 0.5044014084507042 0.0220949263502455 0.06866197183098592
0 0.9439443535188217 0.3943661971830986 0.020458265139116204 0.056338028169014086
0 0.9738134206219313 0.3785211267605634 0.016366612111292964 0.04929577464788733
0 0.9836333878887071 0.2755281690140845 0.01309328968903437 0.04401408450704226
0 0.9455810147299509 0.25440140845070425 0.013911620294599018 0.03345070422535212
0 0.9754500818330606 0.3371478873239437 0.01800327332242226 0.04753521126760563
0 0.9300327332242226 0.28433098591549294 0.015548281505728316 0.04401408450704226
0 0.9022094926350246 0.23943661971830987 0.015548281505728316 0.035211267605633804
0 0.8993453355155483 0.2746478873239437 0.014729950900163666 0.035211267605633804
0 0.8870703764320786 0.2975352112676056 0.014729950900163666 0.045774647887323945
0 0.8694762684124386 0.24295774647887325 0.012274959083469723 0.03873239436619719
0 0.839607201309329 0.2323943661971831 0.01800327332242226 0.04225352112676056
0 0.8195581014729951 0.2438380281690141 0.015548281505728316 0.03697183098591549
0 0.7970540098199673 0.23679577464788734 0.014729950900163666 0.03345070422535212
0 0.8068739770867431 0.2007042253521127 0.016366612111292964 0.03873239436619719
0 0.7684124386252046 0.1971830985915493 0.014729950900163666 0.04225352112676056
0 0.7450900163666121 0.20422535211267606 0.01718494271685761 0.03873239436619719
0 0.7389525368248773 0.24295774647887325 0.016366612111292964 0.04225352112676056
0 0.7279050736497545 0.2323943661971831 0.015548281505728316 0.03169014084507042
0 0.7483633387888707 0.301056338028169 0.015548281505728316 0.0528169014084507
0 0.8121931260229133 0.3125 0.020458265139116204 0.051056338028169015
0 0.7860065466448446 0.28080985915492956 0.01718494271685761 0.04753521126760563
0 0.8617021276595745 0.35563380281690143 0.01800327332242226 0.04929577464788733
0 0.8645662847790507 0.3248239436619718 0.01882160392798691 0.051056338028169015
0 0.9218494271685761 0.35211267605633806 0.01718494271685761 0.0528169014084507