0 0.22929171668667464 0.3933189655172414 0.052821128451380546 0.09267241379310345
0 0.36614645858343337 0.20474137931034483 0.026410564225690273 0.05603448275862069
0 0.534813925570228 0.19288793103448276 0.01800720288115246 0.040948275862068964
0 0.6212484993997599 0.22198275862068964 0.02280912364945978 0.04310344827586207
0 0.6656662665066025 0.19827586206896552 0.01800720288115246 0.034482758620689655
0 0.7034813925570228 0.20474137931034483 0.01920768307322929 0.03879310344827586
0 0.7436974789915966 0.21551724137931033 0.02040816326530612 0.03879310344827586
0 0.6608643457382952 0.2510775862068966 0.02280912364945978 0.05387931034482758
0 0.6722689075630252 0.23060344827586207 0.01920768307322929 0.04310344827586207
0 0.7496998799519807 0.2801724137931034 0.02280912364945978 0.04741379310344827
0 0.7581032412965185 0.2661637931034483 0.02040816326530612 0.040948275862068964
0 0.7496998799519807 0.3631465517241379 0.030012004801920768 0.07974137931034482
0 0.822328931572629 0.2640086206896552 0.02160864345738295 0.05387931034482758
0 0.8097238895558223 0.4051724137931034 0.030012004801920768 0.07758620689655173
0 0.9069627851140456 0.3954741379310345 0.03241296518607443 0.07112068965517242