1 0.9807692307692308 0.43149038461538464 0.03365384615384616 0.04567307692307693
1 0.7439903846153847 0.4170673076923077 0.07451923076923077 0.06490384615384616
0 0.6959134615384616 0.4182692307692308 0.03605769230769231 0.04326923076923077
0 0.6310096153846154 0.41947115384615385 0.05048076923076923 0.06009615384615385
0 0.484375 0.4182692307692308 0.040865384615384616 0.04807692307692308
1 0.3930288461538462 0.45072115384615385 0.04567307692307693 0.05048076923076923
0 0.31730769230769235 0.45432692307692313 0.04807692307692308 0.05288461538461539
0 0.21754807692307693 0.41105769230769235 0.05048076923076923 0.0625
0 0.040865384615384616 0.4242788461538462 0.05288461538461539 0.06009615384615385
1 0.7427884615384616 0.025240384615384616 0.07211538461538462 0.05048076923076923
0 0.6983173076923077 0.022836538461538464 0.03125 0.04567307692307693
0 0.6322115384615385 0.02403846153846154 0.05288461538461539 0.04807692307692308
1 0.5504807692307693 0.025240384615384616 0.04807692307692308 0.05048076923076923
0 0.4867788461538462 0.021634615384615384 0.04567307692307693 0.04326923076923077
0 0.21634615384615385 0.028846153846153848 0.05288461538461539 0.057692307692307696
0 0.042067307692307696 0.022836538461538464 0.05048076923076923 0.04567307692307693