1 0.5167328417470222 0.320863309352518 0.11230856494611459 0.36546762589928056
1 0.6176971072036302 0.30935251798561153 0.09869540555870676 0.3251798561151079
1 0.7583664208735111 0.21366906474820144 0.12932501418037437 0.41870503597122305
1 0.8681225184344867 0.22661870503597123 0.12422007941009644 0.3669064748201439
1 0.9673851389676689 0.41510791366906474 0.06409529211571185 0.3035971223021583
1 0.9914917753828701 0.3906474820143885 0.015882019285309135 0.2633093525179856
1 0.4509359047078843 0.4172661870503597 0.0714690867838911 0.2762589928057554
1 0.3777651730005672 0.3446043165467626 0.09415768576290415 0.33525179856115106
1 0.2813386273397618 0.37985611510791367 0.11117413499716393 0.37985611510791367
1 0.1990924560408395 0.3697841726618705 0.08054452637549632 0.28776978417266186
1 0.06636415201361316 0.3100719424460432 0.11003970504821328 0.38705035971223023
1 0.023539421440726037 0.32805755395683456 0.047078842881452074 0.3366906474820144