0 0.43615819209039547 0.20816733067729085 0.01807909604519774 0.04183266932270916
0 0.4853107344632768 0.14442231075697212 0.025988700564971753 0.04183266932270916
0 0.5050847457627119 0.12649402390438247 0.02033898305084746 0.037848605577689244
0 0.5406779661016949 0.1394422310756972 0.021468926553672316 0.0398406374501992
0 0.6101694915254238 0.1454183266932271 0.027118644067796613 0.0398406374501992
0 0.6576271186440679 0.13047808764940239 0.024858757062146894 0.04183266932270916
0 0.6706214689265537 0.14342629482071712 0.021468926553672316 0.04780876494023904
0 0.7293785310734463 0.2699203187250996 0.025988700564971753 0.045816733067729085
0 0.8180790960451978 0.24203187250996017 0.024858757062146894 0.037848605577689244
0 0.8225988700564972 0.2828685258964143 0.02937853107344633 0.05976095617529881
0 0.8587570621468927 0.23804780876494022 0.022598870056497175 0.049800796812749
0 0.9129943502824859 0.2450199203187251 0.027118644067796613 0.05179282868525896
0 0.9096045197740114 0.3396414342629482 0.03389830508474576 0.06573705179282868