0 0.10659694288012872 0.5163120567375887 0.04907481898632341 0.09361702127659575
0 0.2316975060337892 0.34609929078014184 0.020917135961383747 0.03120567375886525
0 0.29324215607401444 0.34397163120567376 0.015285599356395816 0.04397163120567376
0 0.2976669348350764 0.36808510638297876 0.017699115044247787 0.04113475177304965
0 0.33507642799678194 0.3524822695035461 0.023330651649235718 0.04397163120567376
0 0.28921962992759453 0.30354609929078014 0.016894609814963796 0.03120567375886525
0 0.3584070796460177 0.3290780141843972 0.016894609814963796 0.03404255319148936
0 0.3608205953338696 0.29290780141843975 0.018503620273531775 0.03546099290780142
0 0.3817377312952534 0.3340425531914894 0.018503620273531775 0.03829787234042553
0 0.416331456154465 0.33546099290780146 0.02011263073209976 0.03546099290780142
0 0.3966210780370072 0.25319148936170216 0.016090104585679804 0.03262411347517731
0 0.42115848753016893 0.2595744680851064 0.013676588897827835 0.03120567375886525
0 0.40909090909090906 0.3049645390070922 0.018503620273531775 0.03120567375886525
0 0.4388576025744167 0.3049645390070922 0.02172164119066774 0.03687943262411348
0 0.4493161705551086 0.3382978723404256 0.024939662107803698 0.03829787234042553
0 0.46822204344328233 0.3049645390070922 0.019308125502815767 0.03404255319148936
0 0.4460981496379726 0.2680851063829787 0.016894609814963796 0.03404255319148936
0 0.4549477071600965 0.25248226950354613 0.013676588897827835 0.028368794326241138
0 0.4690265486725663 0.2680851063829787 0.014481094127111824 0.03120567375886525
0 0.46621078037007235 0.23546099290780143 0.012067578439259855 0.019858156028368795
0 0.49477071600965405 0.2624113475177305 0.016090104585679804 0.028368794326241138
0 0.5378117457763475 0.2517730496453901 0.015285599356395816 0.03546099290780142
0 0.5144810941271118 0.249645390070922 0.012067578439259855 0.025531914893617023
0 0.5176991150442477 0.25744680851063834 0.015285599356395816 0.029787234042553193
0 0.5100563153660499 0.3141843971631206 0.019308125502815767 0.04397163120567376
0 0.5164923572003217 0.29290780141843975 0.014481094127111824 0.03262411347517731
0 0.5518905872888173 0.2851063829787234 0.019308125502815767 0.03687943262411348
0 0.5482703137570394 0.2269503546099291 0.016894609814963796 0.028368794326241138
0 0.5651649235720032 0.26595744680851063 0.018503620273531775 0.04113475177304965
0 0.5728077232502011 0.24255319148936172 0.012872083668543845 0.028368794326241138
0 0.5707964601769911 0.22056737588652484 0.013676588897827835 0.02695035460992908
0 0.5953338696701528 0.24893617021276598 0.012872083668543845 0.02695035460992908
0 0.5997586484312147 0.22553191489361704 0.012067578439259855 0.02269503546099291
0 0.6090104585679806 0.20638297872340428 0.012872083668543845 0.029787234042553193
0 0.6234915526950925 0.21134751773049648 0.014481094127111824 0.025531914893617023
0 0.6311343523732904 0.22624113475177307 0.013676588897827835 0.03262411347517731
0 0.6387771520514883 0.24397163120567378 0.017699115044247787 0.028368794326241138
0 0.658889782783588 0.21773049645390072 0.012872083668543845 0.024113475177304965
0 0.6685438455349959 0.2290780141843972 0.011263073209975865 0.03262411347517731
0 0.6786001609010458 0.22978723404255322 0.012067578439259855 0.025531914893617023
0 0.6721641190667739 0.2652482269503546 0.015285599356395816 0.03404255319148936
0 0.6299275945293644 0.29007092198581563 0.017699115044247787 0.03829787234042553
0 0.6468222043443282 0.3297872340425532 0.020917135961383747 0.03829787234042553
0 0.5933226065969428 0.32056737588652484 0.02172164119066774 0.03971631205673759
0 0.6041834271922767 0.3716312056737589 0.02574416733708769 0.04255319148936171
0 0.6452131938857603 0.38652482269503546 0.030571198712791632 0.05815602836879433
0 0.7015285599356396 0.25815602836879437 0.014481094127111824 0.03404255319148936
0 0.7272727272727272 0.2609929078014185 0.012872083668543845 0.03687943262411348
0 0.7361222847948511 0.24751773049645392 0.012872083668543845 0.029787234042553193
0 0.744569589702333 0.22836879432624116 0.013676588897827835 0.03120567375886525
0 0.7731295253419147 0.24326241134751775 0.012872083668543845 0.029787234042553193
0 0.7650844730490748 0.2652482269503546 0.014481094127111824 0.03404255319148936
0 0.7610619469026548 0.28581560283687946 0.016090104585679804 0.03262411347517731
0 0.7188254223652454 0.2872340425531915 0.016894609814963796 0.03546099290780142
0 0.8012872083668543 0.2468085106382979 0.012872083668543845 0.03120567375886525
0 0.829042638777152 0.26382978723404255 0.012067578439259855 0.03120567375886525
0 0.8499597747385358 0.26595744680851063 0.013676588897827835 0.03546099290780142
0 0.8636363636363635 0.2595744680851064 0.013676588897827835 0.03404255319148936
0 0.8539823008849557 0.2822695035460993 0.013676588897827835 0.03404255319148936
0 0.8889782783588093 0.29574468085106387 0.014481094127111824 0.03829787234042553
0 0.9203539823008849 0.27801418439716313 0.012872083668543845 0.025531914893617023
0 0.9227674979887369 0.30354609929078014 0.011263073209975865 0.03120567375886525
0 0.9279967819790828 0.3297872340425532 0.016894609814963796 0.04113475177304965
0 0.9211584875301689 0.3468085106382979 0.011263073209975865 0.03829787234042553
0 0.8757039420756234 0.3191489361702128 0.015285599356395816 0.03120567375886525
0 0.8386967015285599 0.3078014184397163 0.013676588897827835 0.03120567375886525
0 0.8081255028157682 0.29787234042553196 0.015285599356395816 0.03120567375886525
0 0.8093322606596942 0.27375886524822696 0.016090104585679804 0.03404255319148936
0 0.8097345132743362 0.3312056737588653 0.02011263073209976 0.04397163120567376
0 0.8624296057924375 0.3695035460992908 0.019308125502815767 0.04113475177304965
0 0.8950120675784392 0.39078014184397164 0.02172164119066774 0.05815602836879433
0 0.9042638777152051 0.3368794326241135 0.012872083668543845 0.03262411347517731
0 0.8994368463395012 0.46241134751773055 0.02735317779565567 0.07092198581560284
0 0.8515687851971038 0.4163120567375887 0.024939662107803698 0.04964539007092199
0 0.832260659694288 0.4340425531914894 0.02172164119066774 0.059574468085106386
0 0.7948511665325824 0.374468085106383 0.020917135961383747 0.05390070921985816
0 0.6934835076427996 0.34822695035460993 0.020917135961383747 0.04680851063829788
0 0.6777956556717618 0.32269503546099293 0.02172164119066774 0.04680851063829788
0 0.7304907481898631 0.40496453900709223 0.02413515687851971 0.055319148936170216
0 0.7719227674979887 0.44113475177304967 0.02654867256637168 0.056737588652482275
0 0.6685438455349959 0.43617021276595747 0.03378921962992759 0.055319148936170216
0 0.7111826226870475 0.47092198581560285 0.030571198712791632 0.07659574468085106
0 0.8093322606596942 0.49787234042553197 0.02896218825422365 0.06524822695035462
0 0.49999999999999994 0.3758865248226951 0.02654867256637168 0.059574468085106386
0 0.5329847144006435 0.37234042553191493 0.02654867256637168 0.052482269503546106
0 0.5422365245374094 0.4070921985815603 0.030571198712791632 0.059574468085106386
0 0.6110217216411906 0.424822695035461 0.0329847144006436 0.06382978723404256