1 0.6033653846153847 0.28915662650602414 0.07692307692307693 0.07710843373493977
1 0.858173076923077 0.30120481927710846 0.08173076923076923 0.07228915662650603
1 0.8557692307692308 0.03734939759036145 0.07692307692307693 0.0746987951807229
1 0.6021634615384616 0.04096385542168675 0.0889423076923077 0.0819277108433735
1 0.34855769230769235 0.04337349397590362 0.09134615384615385 0.08674698795180724
1 0.24759615384615385 0.0746987951807229 0.07211538461538462 0.06265060240963856
1 0.17067307692307693 0.06987951807228916 0.06730769230769232 0.06265060240963856
1 0.3425480769230769 0.30361445783132535 0.0889423076923077 0.10602409638554218
1 0.17067307692307693 0.263855421686747 0.06730769230769232 0.0746987951807229
1 0.2451923076923077 0.26506024096385544 0.07211538461538462 0.07228915662650603
1 0.4567307692307693 0.3674698795180723 0.09615384615384616 0.09397590361445785