0 0.7824519230769231 0.4447115384615385 0.06490384615384616 0.07211538461538462
0 0.875 0.44591346153846156 0.04807692307692308 0.06009615384615385
0 0.5805288461538461 0.4290865384615385 0.04567307692307693 0.05048076923076923
0 0.42307692307692313 0.4411057692307693 0.04326923076923077 0.04567307692307693
1 0.3605769230769231 0.4362980769230769 0.02403846153846154 0.040865384615384616
1 0.29927884615384615 0.4483173076923077 0.03125 0.04567307692307693
1 0.19951923076923078 0.4399038461538462 0.03365384615384616 0.04326923076923077
1 0.4915865384615385 0.4411057692307693 0.026442307692307696 0.04567307692307693
0 0.6694711538461539 0.45432692307692313 0.06490384615384616 0.08173076923076923
0 0.951923076923077 0.4711538461538462 0.08653846153846154 0.12980769230769232
0 0.16826923076923078 0.44230769230769235 0.019230769230769232 0.028846153846153848
1 0.38822115384615385 0.4326923076923077 0.03125 0.04326923076923077
0 0.5216346153846154 0.4447115384615385 0.03365384615384616 0.03365384615384616