1 0.6236363636363637 0.5922330097087378 0.01818181818181818 0.029126213592233007
1 0.5054545454545455 0.7014563106796116 0.02181818181818182 0.03398058252427184
1 0.16454545454545455 0.6565533980582524 0.023636363636363636 0.03155339805825243
1 0.23 0.6565533980582524 0.023636363636363636 0.04126213592233009
0 0.5445454545454546 0.4466019417475728 0.02 0.029126213592233007
1 0.6936363636363636 0.6359223300970873 0.023636363636363636 0.03398058252427184
1 0.4763636363636364 0.774271844660194 0.02181818181818182 0.029126213592233007
1 0.35454545454545455 0.30218446601941745 0.014545454545454545 0.021844660194174755
1 0.19818181818181818 0.23422330097087377 0.014545454545454545 0.021844660194174755
1 0.4290909090909091 0.22208737864077668 0.01090909090909091 0.021844660194174755
1 0.9209090909090909 0.27427184466019416 0.012727272727272728 0.019417475728155338