1 0.14903846153846154 0.3473557692307693 0.09134615384615385 0.09375
1 0.2295673076923077 0.31490384615384615 0.06009615384615385 0.07211538461538462
0 0.28605769230769235 0.3473557692307693 0.038461538461538464 0.05048076923076923
0 0.40024038461538464 0.3701923076923077 0.040865384615384616 0.057692307692307696
0 0.5036057692307693 0.4206730769230769 0.05048076923076923 0.057692307692307696
0 0.4591346153846154 0.3713942307692308 0.019230769230769232 0.026442307692307696
1 0.4951923076923077 0.35336538461538464 0.03365384615384616 0.04326923076923077
0 0.5661057692307693 0.3810096153846154 0.04567307692307693 0.05048076923076923
0 0.6286057692307693 0.38341346153846156 0.03125 0.040865384615384616
0 0.7139423076923077 0.3701923076923077 0.038461538461538464 0.03365384615384616
0 0.7247596153846154 0.49399038461538464 0.03605769230769231 0.040865384615384616
1 0.1514423076923077 0.038461538461538464 0.09134615384615385 0.07692307692307693
1 0.2295673076923077 0.06610576923076923 0.05528846153846154 0.06971153846153846
0 0.28605769230769235 0.028846153846153848 0.03365384615384616 0.04807692307692308