1 0.48860000000000003 0.2892 0.0388 0.09040000000000001
1 0.6178 0.2832 0.045200000000000004 0.0976
1 0.7288 0.24760000000000001 0.019200000000000002 0.0472
1 0.1622 0.22160000000000002 0.07400000000000001 0.1216
1 0.2252 0.3068 0.014400000000000001 0.0296
1 0.49300000000000005 0.5664 0.050800000000000005 0.1168
0 0.315 0.31520000000000004 0.0092 0.0176
0 0.555 0.276 0.005200000000000001 0.0128
0 0.6526000000000001 0.27840000000000004 0.006 0.0128
0 0.795 0.2684 0.0036000000000000003 0.010400000000000001
0 0.8066 0.2644 0.0036000000000000003 0.0088