1 0.9110576923076924 0.6385542168674699 0.009615384615384616 0.014457831325301207
1 0.8449519230769231 0.6385542168674699 0.01201923076923077 0.014457831325301207
1 0.8317307692307693 0.7289156626506025 0.009615384615384616 0.016867469879518072
1 0.9759615384615385 0.7180722891566266 0.04326923076923077 0.06746987951807229
1 0.9759615384615385 0.9481927710843374 0.04326923076923077 0.055421686746987955
1 0.9254807692307693 0.8975903614457832 0.07692307692307693 0.0746987951807229
1 0.9266826923076924 0.7674698795180723 0.07451923076923077 0.0746987951807229
0 0.7896634615384616 0.7156626506024097 0.040865384615384616 0.03855421686746988
0 0.7932692307692308 0.9493975903614459 0.038461538461538464 0.04337349397590362
1 0.6478365384615385 0.6349397590361446 0.05528846153846154 0.055421686746987955
1 0.576923076923077 0.6120481927710844 0.04326923076923077 0.04819277108433735
1 0.5372596153846154 0.6048192771084338 0.040865384615384616 0.05301204819277109
1 0.4170673076923077 0.6156626506024097 0.040865384615384616 0.045783132530120486
1 0.3930288461538462 0.591566265060241 0.026442307692307696 0.03614457831325302
1 0.21875 0.6698795180722892 0.04326923076923077 0.03855421686746988
1 0.12259615384615385 0.6698795180722892 0.04807692307692308 0.04819277108433735
1 0.01682692307692308 0.6903614457831326 0.03365384615384616 0.050602409638554224
1 0.4362980769230769 0.44337349397590364 0.021634615384615384 0.033734939759036145
1 0.3918269230769231 0.4626506024096386 0.02403846153846154 0.028915662650602414
1 0.2872596153846154 0.35421686746987957 0.026442307692307696 0.033734939759036145
1 0.2199519230769231 0.1963855421686747 0.03125 0.03132530120481928
1 0.21875 0.13012048192771086 0.028846153846153848 0.028915662650602414
1 0.4903846153846154 0.6975903614457832 0.05288461538461539 0.055421686746987955
1 0.37980769230769235 0.5204819277108435 0.038461538461538464 0.03855421686746988
1 0.4651442307692308 0.5084337349397591 0.026442307692307696 0.03855421686746988
1 0.5036057692307693 0.53855421686747 0.03605769230769231 0.04096385542168675
1 0.7860576923076924 0.4349397590361446 0.014423076923076924 0.02168674698795181
0 0.9615384615384616 0.6662650602409639 0.009615384615384616 0.012048192771084338