1 0.04807692307692308 0.4134615384615385 0.04807692307692308 0.06730769230769232
1 0.1358173076923077 0.4134615384615385 0.04567307692307693 0.0625
1 0.1935096153846154 0.42668269230769235 0.04567307692307693 0.06009615384615385
1 0.27403846153846156 0.4014423076923077 0.04807692307692308 0.05288461538461539
1 0.3401442307692308 0.42668269230769235 0.05048076923076923 0.05048076923076923
1 0.41947115384615385 0.4074519230769231 0.05048076923076923 0.05528846153846154
1 0.49399038461538464 0.4074519230769231 0.04567307692307693 0.06009615384615385
1 0.5829326923076923 0.4122596153846154 0.04567307692307693 0.06009615384615385
1 0.6526442307692308 0.3942307692307693 0.04567307692307693 0.06730769230769232
1 0.7475961538461539 0.3942307692307693 0.057692307692307696 0.06730769230769232
1 0.8473557692307693 0.3942307692307693 0.05048076923076923 0.06730769230769232
1 0.9435096153846154 0.3774038461538462 0.06490384615384616 0.08653846153846154
1 0.9435096153846154 0.04326923076923077 0.06009615384615385 0.08653846153846154
1 0.84375 0.03125 0.057692307692307696 0.0625
1 0.7512019230769231 0.026442307692307696 0.06009615384615385 0.05288461538461539
1 0.6502403846153847 0.026442307692307696 0.04567307692307693 0.05288461538461539