0 0.18513257575757577 0.34060402684563756 0.04450757575757576 0.08053691275167785
0 0.2997159090909091 0.2424496644295302 0.029356060606060608 0.05536912751677852
0 0.375 0.21308724832214765 0.01893939393939394 0.03355704697986577
0 0.37736742424242425 0.1837248322147651 0.017992424242424244 0.03523489932885906
0 0.42092803030303033 0.1912751677852349 0.021780303030303032 0.040268456375838924
0 0.41145833333333337 0.22315436241610737 0.017992424242424244 0.03691275167785235
0 0.38589015151515155 0.27432885906040266 0.027462121212121212 0.03859060402684564
0 0.43986742424242425 0.24496644295302014 0.021780303030303032 0.03355704697986577
0 0.47679924242424243 0.22902684563758388 0.019886363636363636 0.04194630872483222
0 0.44365530303030304 0.1820469798657718 0.016098484848484848 0.025167785234899327
0 0.4734848484848485 0.16610738255033558 0.017045454545454544 0.03355704697986577
0 0.5118371212121212 0.1988255033557047 0.021780303030303032 0.04530201342281879
0 0.5321969696969697 0.2030201342281879 0.020833333333333336 0.040268456375838924
0 0.5629734848484849 0.07634228187919463 0.01231060606060606 0.025167785234899327
0 0.5714962121212122 0.13674496644295303 0.01231060606060606 0.025167785234899327
0 0.5994318181818182 0.25 0.020833333333333336 0.050335570469798654
0 0.6268939393939394 0.25838926174496646 0.026515151515151516 0.053691275167785234
0 0.6084280303030303 0.31040268456375836 0.03503787878787879 0.06375838926174497
0 0.6661931818181819 0.16526845637583892 0.019886363636363636 0.04865771812080537
0 0.7002840909090909 0.20385906040268456 0.017992424242424244 0.03859060402684564
0 0.7007575757575758 0.17114093959731544 0.015151515151515152 0.03355704697986577
0 0.7296401515151515 0.18120805369127516 0.016098484848484848 0.03691275167785235
0 0.7400568181818182 0.1535234899328859 0.01231060606060606 0.028523489932885907
0 0.7571022727272727 0.17281879194630873 0.014204545454545456 0.03355704697986577
0 0.775094696969697 0.15520134228187918 0.014204545454545456 0.03523489932885906
0 0.7916666666666667 0.17030201342281878 0.015151515151515152 0.031879194630872486
0 0.7713068181818182 0.19546979865771813 0.014204545454545456 0.03523489932885906
0 0.7443181818181819 0.20889261744966442 0.017045454545454544 0.04194630872483222
0 0.7888257575757576 0.2256711409395973 0.01893939393939394 0.04194630872483222
0 0.7225378787878788 0.2902684563758389 0.026515151515151516 0.060402684563758385
0 0.8186553030303031 0.2802013422818792 0.021780303030303032 0.053691275167785234
0 0.8655303030303031 0.2919463087248322 0.020833333333333336 0.05704697986577181
0 0.9029356060606061 0.29278523489932884 0.019886363636363636 0.04530201342281879
0 0.9034090909090909 0.22147651006711408 0.017045454545454544 0.0436241610738255
0 0.928503787878788 0.2424496644295302 0.01231060606060606 0.04194630872483222
0 0.9322916666666667 0.22315436241610737 0.014204545454545456 0.03691275167785235