1 0.48197115384615385 0.4915865384615385 0.1514423076923077 0.22355769230769232
1 0.32572115384615385 0.4747596153846154 0.01201923076923077 0.01682692307692308
1 0.2776442307692308 0.4807692307692308 0.01201923076923077 0.014423076923076924
1 0.25240384615384615 0.4831730769230769 0.009615384615384616 0.014423076923076924
1 0.10576923076923078 0.4759615384615385 0.009615384615384616 0.014423076923076924
1 0.125 0.4759615384615385 0.009615384615384616 0.014423076923076924
1 0.14302884615384617 0.4723557692307693 0.01201923076923077 0.01682692307692308
1 0.19471153846153846 0.4747596153846154 0.009615384615384616 0.01201923076923077
1 0.16586538461538464 0.4759615384615385 0.009615384615384616 0.014423076923076924
1 0.18149038461538464 0.47716346153846156 0.01201923076923077 0.01682692307692308
1 0.6514423076923077 0.4879807692307693 0.028846153846153848 0.03365384615384616
1 0.6935096153846154 0.4951923076923077 0.021634615384615384 0.028846153846153848
1 0.8557692307692308 0.484375 0.02403846153846154 0.026442307692307696
1 0.9110576923076924 0.4903846153846154 0.019230769230769232 0.02403846153846154
1 0.9819711538461539 0.5228365384615384 0.03125 0.06009615384615385