0 0.056490384615384616 0.3301204819277109 0.11298076923076923 0.16867469879518074
0 0.16105769230769232 0.3662650602409639 0.09134615384615385 0.12530120481927712
0 0.2848557692307693 0.3409638554216868 0.11778846153846155 0.1855421686746988
0 0.45793269230769235 0.3987951807228916 0.10817307692307693 0.16144578313253014
0 0.5216346153846154 0.3686746987951808 0.06730769230769232 0.13493975903614458
0 0.6490384615384616 0.3987951807228916 0.057692307692307696 0.14216867469879518
0 0.7379807692307693 0.4421686746987952 0.1201923076923077 0.1566265060240964
0 0.84375 0.3445783132530121 0.10576923076923078 0.15421686746987953
0 0.9567307692307693 0.3313253012048193 0.08173076923076923 0.16144578313253014
0 0.056490384615384616 0.0783132530120482 0.11298076923076923 0.14698795180722893
0 0.15865384615384617 0.051807228915662654 0.09615384615384616 0.10361445783132531
0 0.2776442307692308 0.08072289156626507 0.13221153846153846 0.16144578313253014
0 0.46274038461538464 0.04939759036144579 0.10817307692307693 0.09879518072289158
0 0.5228365384615384 0.04698795180722892 0.06971153846153846 0.09397590361445785
0 0.7235576923076924 0.045783132530120486 0.10576923076923078 0.09156626506024097
0 0.84375 0.06746987951807229 0.11538461538461539 0.13493975903614458
0 0.9567307692307693 0.07108433734939759 0.07692307692307693 0.14216867469879518