0 0.7654155495978553 0.32066508313539194 0.045576407506702415 0.08076009501187649
0 0.3237265415549598 0.2173396674584323 0.01742627345844504 0.026128266033254157
0 0.3719839142091153 0.20308788598574823 0.01742627345844504 0.030878859857482188
0 0.37600536193029493 0.1805225653206651 0.01742627345844504 0.0332541567695962
0 0.41353887399463807 0.1793349168646081 0.020107238605898123 0.030878859857482188
0 0.43766756032171583 0.1805225653206651 0.01742627345844504 0.028503562945368172
0 0.44235924932975873 0.15914489311163896 0.0160857908847185 0.028503562945368172
0 0.43766756032171583 0.14489311163895488 0.01742627345844504 0.023752969121140145
0 0.4658176943699732 0.22090261282660334 0.022788203753351208 0.04750593824228029
0 0.4718498659517426 0.16864608076009502 0.0160857908847185 0.0332541567695962
0 0.4738605898123324 0.13539192399049882 0.012064343163538875 0.023752969121140145
0 0.49865951742627346 0.14133016627078385 0.0160857908847185 0.026128266033254157
0 0.4959785522788204 0.1793349168646081 0.01876675603217158 0.040380047505938245
0 0.5040214477211796 0.19358669833729217 0.0160857908847185 0.040380047505938245
0 0.5026809651474531 0.12470308788598575 0.010723860589812333 0.026128266033254157
0 0.5315013404825737 0.12826603325415678 0.012064343163538875 0.023752969121140145
0 0.5268096514745308 0.16983372921615203 0.0160857908847185 0.030878859857482188
0 0.5060321715817695 0.16508313539192399 0.014745308310991957 0.030878859857482188
0 0.5435656836461126 0.18646080760095013 0.01742627345844504 0.030878859857482188
0 0.5576407506702413 0.19239904988123516 0.01876675603217158 0.04275534441805226
0 0.5757372654155496 0.23990498812351546 0.028150134048257374 0.061757719714964375
0 0.5810991957104558 0.18764845605700714 0.014745308310991957 0.0332541567695962
0 0.5408847184986595 0.15320665083135393 0.01742627345844504 0.035629453681710214
0 0.5549597855227882 0.11876484560570072 0.013404825737265416 0.028503562945368172
0 0.5697050938337802 0.14014251781472684 0.010723860589812333 0.028503562945368172
0 0.579088471849866 0.1460807600950119 0.013404825737265416 0.030878859857482188
0 0.5837801608579088 0.12826603325415678 0.014745308310991957 0.0332541567695962
0 0.5971849865951743 0.14014251781472684 0.01742627345844504 0.0332541567695962
0 0.613941018766756 0.10926365795724466 0.013404825737265416 0.023752969121140145
0 0.6293565683646113 0.1330166270783848 0.012064343163538875 0.023752969121140145
0 0.6239946380697051 0.15201900237529692 0.014745308310991957 0.023752969121140145
0 0.6219839142091153 0.17102137767220904 0.0160857908847185 0.03800475059382423
0 0.5931635388739946 0.16983372921615203 0.014745308310991957 0.026128266033254157
0 0.621313672922252 0.2149643705463183 0.020107238605898123 0.040380047505938245
0 0.6575067024128687 0.19477434679334918 0.020107238605898123 0.04275534441805226
0 0.6668900804289545 0.2304038004750594 0.022788203753351208 0.04750593824228029
0 0.6601876675603218 0.12232779097387174 0.00938337801608579 0.02137767220902613
0 0.6675603217158177 0.13895486935866985 0.013404825737265416 0.026128266033254157
0 0.6769436997319035 0.11282660332541568 0.010723860589812333 0.030878859857482188
0 0.6856568364611261 0.1472684085510689 0.014745308310991957 0.023752969121140145
0 0.7050938337801609 0.12232779097387174 0.013404825737265416 0.030878859857482188
0 0.6963806970509383 0.1793349168646081 0.014745308310991957 0.030878859857482188
0 0.6970509383378016 0.24465558194774348 0.02680965147453083 0.04275534441805226
0 0.7138069705093834 0.19358669833729217 0.01742627345844504 0.040380047505938245
0 0.725201072386059 0.1472684085510689 0.0160857908847185 0.0332541567695962
0 0.7426273458445041 0.1508313539192399 0.013404825737265416 0.030878859857482188
0 0.7634048257372654 0.14014251781472684 0.014745308310991957 0.028503562945368172
0 0.7808310991957105 0.15201900237529692 0.014745308310991957 0.0332541567695962
0 0.796916890080429 0.14133016627078385 0.012064343163538875 0.026128266033254157
0 0.8324396782841823 0.13539192399049882 0.0160857908847185 0.028503562945368172
0 0.8545576407506703 0.14251781472684086 0.012064343163538875 0.0332541567695962
0 0.8739946380697051 0.15795724465558195 0.013404825737265416 0.030878859857482188
0 0.811662198391421 0.16270783847981 0.014745308310991957 0.030878859857482188
0 0.792225201072386 0.16983372921615203 0.0160857908847185 0.030878859857482188
0 0.7707774798927615 0.18764845605700714 0.01876675603217158 0.0332541567695962
0 0.7386058981233244 0.17814726840855108 0.01876675603217158 0.0332541567695962
0 0.8009383378016086 0.20902612826603326 0.01742627345844504 0.03800475059382423
0 0.8123324396782842 0.20308788598574823 0.0160857908847185 0.040380047505938245
0 0.8371313672922253 0.18171021377672208 0.014745308310991957 0.035629453681710214
0 0.8572386058981234 0.20902612826603326 0.014745308310991957 0.03800475059382423
0 0.8853887399463807 0.23515439429928742 0.01742627345844504 0.03800475059382423
0 0.881367292225201 0.27315914489311166 0.020107238605898123 0.04750593824228029
0 0.9135388739946381 0.25415676959619954 0.020107238605898123 0.04750593824228029
0 0.9209115281501341 0.1805225653206651 0.0160857908847185 0.0332541567695962
0 0.9383378016085792 0.19121140142517815 0.013404825737265416 0.035629453681710214
0 0.9376675603217158 0.2292161520190024 0.01742627345844504 0.045130641330166275
0 0.9510723860589813 0.1793349168646081 0.014745308310991957 0.035629453681710214