1 0.8461538461538463 0.21274038461538464 0.20192307692307693 0.2764423076923077
1 0.9543269230769231 0.24639423076923078 0.07692307692307693 0.09855769230769232
1 0.6742788461538461 0.22836538461538464 0.09855769230769232 0.10576923076923078
0 0.5625 0.22716346153846156 0.028846153846153848 0.03125
1 0.5060096153846154 0.21033653846153846 0.04567307692307693 0.07932692307692309
1 0.46153846153846156 0.2247596153846154 0.07211538461538462 0.09855769230769232
1 0.41466346153846156 0.20192307692307693 0.021634615384615384 0.04326923076923077
0 0.38822115384615385 0.21754807692307693 0.026442307692307696 0.03125
1 0.3161057692307693 0.22115384615384617 0.04567307692307693 0.057692307692307696
1 0.2512019230769231 0.20673076923076925 0.09375 0.14423076923076925
1 0.17908653846153846 0.24639423076923078 0.08413461538461539 0.10817307692307693
1 0.028846153846153848 0.20192307692307693 0.057692307692307696 0.11057692307692309