1 0.40181058495821725 0.36408730158730157 0.02924791086350975 0.0496031746031746
1 0.17479108635097493 0.3829365079365079 0.03203342618384401 0.047619047619047616
1 0.28064066852367686 0.36408730158730157 0.023676880222841225 0.041666666666666664
1 0.09540389972144847 0.18253968253968253 0.01532033426183844 0.023809523809523808
1 0.0766016713091922 0.19146825396825395 0.011142061281337047 0.013888888888888888
1 0.04805013927576602 0.19345238095238093 0.009749303621169917 0.017857142857142856
1 0.032729805013927575 0.18948412698412698 0.009749303621169917 0.017857142857142856
1 0.19498607242339833 0.17162698412698413 0.011142061281337047 0.021825396825396824
1 0.15668523676880222 0.5347222222222222 0.0988857938718663 0.14484126984126983
0 0.5250696378830083 0.35813492063492064 0.036211699164345405 0.057539682539682536
0 0.5139275766016713 0.6279761904761905 0.1532033426183844 0.22817460317460317
0 0.6420612813370473 0.5079365079365079 0.04456824512534819 0.07936507936507936
0 0.5271587743732591 0.4930555555555555 0.054317548746518104 0.08134920634920634
0 0.41086350974930363 0.5882936507936508 0.06685236768802229 0.125
0 0.25069637883008355 0.3839285714285714 0.03064066852367688 0.04563492063492063
0 0.04456824512534819 0.4573412698412698 0.05013927576601671 0.06547619047619047
0 0.035515320334261836 0.5496031746031745 0.07103064066852367 0.14285714285714285
0 0.05988857938718663 0.40674603174603174 0.033426183844011144 0.051587301587301584
0 0.035515320334261836 0.36507936507936506 0.037604456824512536 0.06349206349206349
0 0.0786908077994429 0.37896825396825395 0.03203342618384401 0.047619047619047616
0 0.10515320334261838 0.35317460317460314 0.02924791086350975 0.03571428571428571
0 0.7200557103064067 0.5327380952380952 0.116991643454039 0.18055555555555555
0 0.8753481894150418 0.5595238095238095 0.11281337047353761 0.16269841269841268
0 0.4832869080779944 0.23214285714285712 0.027855153203342618 0.047619047619047616
0 0.3802228412256267 0.3740079365079365 0.025069637883008356 0.041666666666666664