1 0.461 0.3817365269461078 0.074 0.15269461077844312
1 0.528 0.5119760479041916 0.08 0.1377245508982036
1 0.625 0.5149700598802396 0.074 0.10778443113772455
1 0.083 0.3667664670658683 0.166 0.22455089820359284
1 0.124 0.3038922155688623 0.096 0.11676646706586827
1 0.354 0.1691616766467066 0.016 0.02694610778443114
0 0.397 0.6826347305389222 0.08600000000000001 0.16766467065868265
0 0.217 0.7904191616766467 0.11 0.23952095808383234
0 0.052000000000000005 0.6661676646706587 0.10400000000000001 0.2724550898203593
0 0.246 0.5823353293413174 0.132 0.24251497005988026
0 0.737 0.561377245508982 0.158 0.25449101796407186
0 0.906 0.5808383233532934 0.06 0.10179640718562875
0 0.929 0.49850299401197606 0.066 0.09880239520958084
0 0.876 0.44610778443113774 0.044 0.0658682634730539
0 0.715 0.41467065868263475 0.058 0.09281437125748504
0 0.665 0.4236526946107785 0.042 0.0688622754491018
0 0.626 0.405688622754491 0.04 0.08083832335329341
0 0.508 0.3847305389221557 0.048 0.08682634730538923
0 0.266 0.3413173652694611 0.07200000000000001 0.11976047904191617
0 0.243 0.4356287425149701 0.062 0.09281437125748504
0 0.315 0.3323353293413174 0.046 0.09580838323353294
0 0.228 0.02694610778443114 0.016 0.035928143712574856
0 0.9510000000000001 0.42215568862275454 0.03 0.04790419161676647
0 0.968 0.44311377245508987 0.036000000000000004 0.059880239520958084
0 0.743 0.3293413173652695 0.022 0.029940119760479042
0 0.677 0.36826347305389223 0.026000000000000002 0.04790419161676647
0 0.19 0.019461077844311378 0.016 0.02694610778443114