1 0.2139423076923077 0.28915662650602414 0.08653846153846154 0.0963855421686747
1 0.34375 0.3710843373493976 0.04807692307692308 0.06265060240963856
1 0.43870192307692313 0.29036144578313255 0.06490384615384616 0.09397590361445785
1 0.6358173076923077 0.34698795180722897 0.04567307692307693 0.07710843373493977
1 0.8052884615384616 0.30120481927710846 0.09134615384615385 0.0963855421686747
1 0.2091346153846154 0.045783132530120486 0.08653846153846154 0.09156626506024097
1 0.4362980769230769 0.04337349397590362 0.06009615384615385 0.08674698795180724
1 0.6778846153846154 0.03132530120481928 0.08173076923076923 0.06265060240963856
1 0.8088942307692308 0.03975903614457832 0.09375 0.07951807228915664
1 0.7584134615384616 0.3566265060240964 0.04567307692307693 0.06746987951807229
1 0.6742788461538461 0.31084337349397595 0.07451923076923077 0.09156626506024097