1 0.533 0.575075075075075 0.034 0.057057057057057055
0 0.647 0.575075075075075 0.034 0.057057057057057055
0 0.494 0.7072072072072072 0.028 0.05105105105105105
1 0.493 0.6696696696696697 0.03 0.04804804804804805
0 0.47600000000000003 0.5165165165165165 0.024 0.04804804804804805
0 0.557 0.44294294294294295 0.022 0.04504504504504504
0 0.809 0.13213213213213212 0.018000000000000002 0.03003003003003003
0 0.6950000000000001 0.15765765765765766 0.014 0.02702702702702703
0 0.672 0.15615615615615616 0.016 0.03003003003003003
0 0.662 0.13363363363363362 0.016 0.02702702702702703
0 0.706 0.14714714714714713 0.012 0.024024024024024024
0 0.733 0.19369369369369369 0.014 0.02702702702702703
0 0.72 0.1981981981981982 0.012 0.024024024024024024
0 0.587 0.2087087087087087 0.014 0.02102102102102102
0 0.5740000000000001 0.2042042042042042 0.012 0.024024024024024024
0 0.56 0.2042042042042042 0.012 0.024024024024024024
0 0.521 0.20270270270270271 0.014 0.02702702702702703
0 0.507 0.21621621621621623 0.014 0.024024024024024024
0 0.481 0.23873873873873874 0.014 0.02102102102102102
0 0.484 0.2132132132132132 0.016 0.024024024024024024
0 0.454 0.17267267267267267 0.016 0.03303303303303303
0 0.465 0.16666666666666666 0.014 0.02702702702702703
1 0.41300000000000003 0.14564564564564564 0.022 0.03903903903903904
0 0.305 0.13663663663663664 0.01 0.02102102102102102
0 0.375 0.1996996996996997 0.014 0.02702702702702703
0 0.488 0.17717717717717718 0.016 0.024024024024024024
0 0.48 0.18618618618618618 0.012 0.024024024024024024
0 0.5720000000000001 0.13363363363363362 0.012 0.02102102102102102
0 0.5720000000000001 0.11561561561561562 0.012 0.02102102102102102
0 0.643 0.18768768768768768 0.014 0.02702702702702703
0 0.266 0.057057057057057055 0.016 0.03003003003003003