1 0.8500000000000001 0.180625 0.08 0.15375
1 0.8820833333333334 0.229375 0.03916666666666667 0.08125
1 0.9237500000000001 0.193125 0.0425 0.08875
1 0.7983333333333333 0.234375 0.05 0.08375
1 0.7745833333333334 0.215 0.03416666666666667 0.0825
1 0.7375 0.19062500000000002 0.06166666666666667 0.16125
1 0.6916666666666668 0.19125 0.09000000000000001 0.17500000000000002
1 0.5825 0.143125 0.11333333333333334 0.21625
1 0.4891666666666667 0.15 0.09833333333333334 0.24
1 0.4108333333333334 0.18625 0.19 0.36
1 0.2704166666666667 0.17375000000000002 0.07416666666666667 0.1375
1 0.22125 0.078125 0.050833333333333335 0.13125