0 0.15985576923076925 0.04807692307692308 0.12740384615384617 0.09615384615384616
0 0.2932692307692308 0.03485576923076923 0.125 0.06971153846153846
0 0.1622596153846154 0.2295673076923077 0.12259615384615385 0.18028846153846154
0 0.29447115384615385 0.2512019230769231 0.12740384615384617 0.1514423076923077
0 0.936298076923077 0.2139423076923077 0.12259615384615385 0.14423076923076925
0 0.9314903846153847 0.04927884615384616 0.12259615384615385 0.09855769230769232
0 0.7295673076923077 0.18149038461538464 0.2091346153846154 0.12740384615384617
0 0.7283653846153847 0.057692307692307696 0.20192307692307693 0.11538461538461539
1 0.5084134615384616 0.3088942307692308 0.16586538461538464 0.2139423076923077
1 0.6117788461538461 0.1935096153846154 0.10336538461538462 0.12259615384615385
1 0.609375 0.05528846153846154 0.10817307692307693 0.11057692307692309