0 0.690843621399177 0.30241187384044527 0.03806584362139918 0.08905380333951762
0 0.38734567901234573 0.1808905380333952 0.01748971193415638 0.03153988868274583
0 0.4223251028806585 0.17161410018552875 0.01748971193415638 0.0352504638218924
0 0.43930041152263377 0.1679035250463822 0.01440329218106996 0.03153988868274583
0 0.4320987654320988 0.150278293135436 0.01440329218106996 0.025974025974025976
0 0.4511316872427984 0.14471243042671614 0.01337448559670782 0.025974025974025976
0 0.46450617283950624 0.13821892393320964 0.01131687242798354 0.03153988868274583
0 0.4804526748971194 0.14749536178107606 0.01440329218106996 0.03153988868274583
0 0.45524691358024694 0.17161410018552875 0.01748971193415638 0.03153988868274583
0 0.4825102880658437 0.1808905380333952 0.01851851851851852 0.03896103896103896
0 0.5087448559670782 0.1808905380333952 0.01954732510288066 0.03896103896103896
0 0.5010288065843622 0.1280148423005566 0.01646090534979424 0.029684601113172542
0 0.4876543209876544 0.14285714285714285 0.01234567901234568 0.025974025974025976
0 0.5246913580246914 0.1280148423005566 0.01234567901234568 0.03339517625231911
0 0.5462962962962964 0.1391465677179963 0.010288065843621401 0.025974025974025976
0 0.5596707818930041 0.11224489795918367 0.010288065843621401 0.027829313543599257
0 0.5766460905349795 0.13821892393320964 0.01337448559670782 0.03153988868274583
0 0.6013374485596709 0.11688311688311688 0.01337448559670782 0.03339517625231911
0 0.6008230452674898 0.15398886827458255 0.01440329218106996 0.029684601113172542
0 0.6270576131687243 0.1326530612244898 0.01337448559670782 0.03153988868274583
0 0.6368312757201646 0.11966604823747681 0.01440329218106996 0.03153988868274583
0 0.6702674897119342 0.11781076066790352 0.01337448559670782 0.027829313543599257
0 0.7062757201646092 0.11595547309833024 0.01131687242798354 0.02411873840445269
0 0.7001028806584363 0.16883116883116883 0.01337448559670782 0.03710575139146568
0 0.6579218106995885 0.19387755102040816 0.01954732510288066 0.03896103896103896
0 0.6260288065843622 0.21799628942486085 0.02160493827160494 0.04267161410018553
0 0.6769547325102881 0.212430426716141 0.02263374485596708 0.04267161410018553
0 0.7109053497942387 0.19387755102040816 0.02263374485596708 0.03896103896103896
0 0.7119341563786009 0.24489795918367346 0.020576131687242802 0.04823747680890538
0 0.735082304526749 0.14656771799628943 0.01337448559670782 0.03339517625231911
0 0.7376543209876544 0.1743970315398887 0.01440329218106996 0.03710575139146568
0 0.749485596707819 0.12708719851576994 0.01337448559670782 0.0352504638218924
0 0.7736625514403292 0.12523191094619665 0.01234567901234568 0.03153988868274583
0 0.7767489711934157 0.15120593692022263 0.01440329218106996 0.03153988868274583
0 0.7741769547325104 0.18460111317254174 0.0154320987654321 0.03896103896103896
0 0.7916666666666667 0.21521335807050093 0.01748971193415638 0.04081632653061225
0 0.7973251028806585 0.16233766233766234 0.01234567901234568 0.03153988868274583
0 0.8122427983539096 0.15306122448979592 0.0154320987654321 0.0352504638218924
0 0.8266460905349795 0.1280148423005566 0.01337448559670782 0.029684601113172542
0 0.8323045267489713 0.16883116883116883 0.01234567901234568 0.03339517625231911
0 0.911008230452675 0.1660482374768089 0.01337448559670782 0.03153988868274583
0 0.926440329218107 0.20686456400742115 0.01337448559670782 0.04267161410018553
0 0.9053497942386832 0.20686456400742115 0.01440329218106996 0.0352504638218924
0 0.933127572016461 0.23376623376623376 0.01440329218106996 0.03710575139146568
0 0.9351851851851852 0.17996289424860853 0.01440329218106996 0.03710575139146568
0 0.8750000000000001 0.2680890538033395 0.01954732510288066 0.05009276437847866