0 0.765625 0.04698795180722892 0.03605769230769231 0.045783132530120486
0 0.764423076923077 0.3867469879518073 0.04807692307692308 0.045783132530120486
1 0.3629807692307693 0.3686746987951808 0.038461538461538464 0.05301204819277109
1 0.4134615384615385 0.3951807228915663 0.02403846153846154 0.028915662650602414
1 0.4723557692307693 0.4 0.026442307692307696 0.033734939759036145
1 0.5264423076923077 0.3963855421686747 0.02403846153846154 0.026506024096385545
1 0.6334134615384616 0.43614457831325304 0.06971153846153846 0.0819277108433735
1 0.3653846153846154 0.06144578313253012 0.04326923076923077 0.06024096385542169
1 0.41466346153846156 0.04096385542168675 0.01682692307692308 0.028915662650602414
1 0.47355769230769235 0.03493975903614458 0.03365384615384616 0.03614457831325302
1 0.5264423076923077 0.03855421686746988 0.02403846153846154 0.028915662650602414