1 0.4959119496855346 0.3056344696969697 0.06981132075471698 0.1377840909090909
1 0.05345911949685534 0.43584280303030304 0.016981132075471698 0.026988636363636364
1 0.2559748427672956 0.44247159090909094 0.010691823899371069 0.018465909090909092
1 0.7463836477987421 0.4412878787878788 0.008490566037735849 0.015151515151515152
1 0.8196540880503145 0.22798295454545456 0.00660377358490566 0.008996212121212122
1 0.7067610062893082 0.17897727272727273 0.0047169811320754715 0.00946969696969697
1 0.7020440251572326 0.18773674242424243 0.0047169811320754715 0.008049242424242424
1 0.6916666666666667 0.17708333333333334 0.005345911949685534 0.007575757575757576
1 0.6775157232704402 0.18489583333333334 0.005345911949685534 0.009943181818181818
1 0.6588050314465409 0.17613636363636365 0.005660377358490566 0.011363636363636364
1 0.64937106918239 0.18110795454545456 0.006289308176100628 0.009943181818181818
1 0.07248427672955975 0.25307765151515155 0.005345911949685534 0.008996212121212122