1 0.66552734375 0.33601756954612005 0.1005859375 0.19765739385065886
1 0.83447265625 0.36749633967789164 0.1513671875 0.26939970717423134
1 0.53369140625 0.3989751098096633 0.0341796875 0.060029282576866766
1 0.50146484375 0.45314787701317716 0.0322265625 0.05417276720351391
1 0.50341796875 0.4143484626647145 0.0283203125 0.040995607613469986
1 0.48974609375 0.3953147877013177 0.0126953125 0.02635431918008785
1 0.4697265625 0.4158125915080527 0.005859375 0.008784773060029283
1 0.40625 0.34553440702781846 0.08984375 0.16398243045387995
1 0.3310546875 0.44655929721815524 0.02734375 0.0527086383601757
1 0.36181640625 0.42020497803806733 0.0146484375 0.032210834553440704
1 0.37841796875 0.45168374816983897 0.0185546875 0.03953147877013177
1 0.314453125 0.4377745241581259 0.0078125 0.017569546120058566
1 0.2724609375 0.4743777452415813 0.025390625 0.03513909224011713
1 0.15087890625 0.4707174231332357 0.0087890625 0.016105417276720352
1 0.06005859375 0.4633967789165447 0.0615234375 0.09224011713030747