0 0.17320902845927377 0.39184397163120566 0.05397448478900883 0.08865248226950355
0 0.31697742885181546 0.23315602836879432 0.017664376840039252 0.04078014184397163
0 0.3228655544651619 0.20833333333333331 0.01962708537782139 0.03368794326241135
0 0.34838076545632973 0.20212765957446807 0.01962708537782139 0.03900709219858156
0 0.4136408243375858 0.19414893617021275 0.018645731108930322 0.04078014184397163
0 0.4401373895976447 0.2101063829787234 0.02060843964671246 0.03723404255319149
0 0.41805691854759564 0.16046099290780141 0.013738959764474975 0.03368794326241135
0 0.4298331697742885 0.1728723404255319 0.015701668302257114 0.030141843971631204
0 0.4538763493621197 0.17375886524822695 0.018645731108930322 0.035460992907801414
0 0.4641805691854759 0.14893617021276595 0.013738959764474975 0.028368794326241134
0 0.47546614327772324 0.1276595744680851 0.012757605495583905 0.028368794326241134
0 0.4926398429833169 0.1427304964539007 0.011776251226692836 0.026595744680851064
0 0.4960745829244357 0.15602836879432624 0.014720314033366044 0.031914893617021274
0 0.4877330716388616 0.2127659574468085 0.01962708537782139 0.0425531914893617
0 0.48086359175662413 0.1879432624113475 0.01962708537782139 0.031914893617021274
0 0.528459273797841 0.2695035460992908 0.0225711481844946 0.04964539007092199
0 0.5063788027477919 0.13829787234042554 0.011776251226692836 0.024822695035460994
0 0.5161923454367026 0.13918439716312056 0.013738959764474975 0.03368794326241135
0 0.515701668302257 0.1125886524822695 0.012757605495583905 0.030141843971631204
0 0.5372914622178606 0.12322695035460993 0.010794896957801765 0.02304964539007092
0 0.549558390578999 0.125 0.013738959764474975 0.030141843971631204
0 0.5392541707556427 0.149822695035461 0.012757605495583905 0.03368794326241135
0 0.5559371933267909 0.16489361702127658 0.014720314033366044 0.035460992907801414
0 0.5466143277723258 0.18882978723404256 0.017664376840039252 0.03723404255319149
0 0.577036310107949 0.13829787234042554 0.015701668302257114 0.031914893617021274
0 0.5922473012757605 0.10815602836879433 0.012757605495583905 0.024822695035460994
0 0.6241413150147203 0.0975177304964539 0.011776251226692836 0.024822695035460994
0 0.620215897939156 0.11702127659574468 0.013738959764474975 0.028368794326241134
0 0.6045142296368988 0.14450354609929078 0.013738959764474975 0.03723404255319149
0 0.5922473012757605 0.1702127659574468 0.018645731108930322 0.031914893617021274
0 0.5961727183513248 0.23670212765957446 0.018645731108930322 0.04078014184397163
0 0.5775269872423945 0.28900709219858156 0.02649656526005888 0.05319148936170213
0 0.60549558390579 0.30230496453900707 0.033366045142296366 0.07624113475177305
0 0.6442590775269872 0.19592198581560283 0.018645731108930322 0.044326241134751775
0 0.6427870461236506 0.09929078014184398 0.011776251226692836 0.024822695035460994
0 0.6442590775269872 0.12943262411347517 0.014720314033366044 0.035460992907801414
0 0.6427870461236506 0.14361702127659573 0.015701668302257114 0.028368794326241134
0 0.663395485770363 0.10460992907801418 0.011776251226692836 0.031914893617021274
0 0.6800785083415113 0.1400709219858156 0.013738959764474975 0.028368794326241134
0 0.6889106967615308 0.12234042553191489 0.009813542688910696 0.028368794326241134
0 0.704612365063788 0.11968085106382978 0.013738959764474975 0.03368794326241135
0 0.7139352306182531 0.16843971631205673 0.014720314033366044 0.031914893617021274
0 0.6790971540726202 0.1728723404255319 0.015701668302257114 0.03723404255319149
0 0.6732090284592738 0.21365248226950354 0.015701668302257114 0.03723404255319149
0 0.6849852796859666 0.26063829787234044 0.02158979391560353 0.0425531914893617
0 0.7198233562315995 0.22695035460992907 0.0225711481844946 0.04609929078014184
0 0.7134445534838076 0.19680851063829788 0.017664376840039252 0.035460992907801414
0 0.704612365063788 0.3173758865248227 0.02944062806673209 0.06382978723404255
0 0.7590775269872423 0.12322695035460993 0.014720314033366044 0.030141843971631204
0 0.7688910696761531 0.1276595744680851 0.012757605495583905 0.031914893617021274
0 0.7639842983316977 0.14893617021276595 0.012757605495583905 0.035460992907801414
0 0.7507360157016683 0.17464539007092197 0.015701668302257114 0.04078014184397163
0 0.782630029440628 0.18173758865248227 0.016683022571148183 0.04078014184397163
0 0.7419038272816486 0.38475177304964536 0.03140333660451423 0.0673758865248227
0 0.7924435721295388 0.13297872340425532 0.016683022571148183 0.028368794326241134
0 0.8027477919528949 0.1631205673758865 0.013738959764474975 0.028368794326241134
0 0.7968596663395485 0.200354609929078 0.013738959764474975 0.0425531914893617
0 0.8155053974484788 0.1906028368794326 0.013738959764474975 0.03368794326241135
0 0.8287536800785082 0.1728723404255319 0.012757605495583905 0.03368794326241135
0 0.845927379784102 0.14716312056737588 0.015701668302257114 0.031914893617021274
0 0.8601570166830225 0.18528368794326242 0.014720314033366044 0.03723404255319149
0 0.8464180569185475 0.2074468085106383 0.016683022571148183 0.04609929078014184
0 0.8125613346418056 0.2677304964539007 0.01962708537782139 0.05319148936170213
0 0.7791952894995092 0.29432624113475175 0.023552502453385672 0.06382978723404255
0 0.8336604514229636 0.3554964539007092 0.02649656526005888 0.06560283687943262
0 0.8552502453385672 0.30851063829787234 0.02060843964671246 0.05673758865248227
0 0.8822374877330715 0.22429078014184398 0.015701668302257114 0.044326241134751775
0 0.8729146221786064 0.18617021276595744 0.012757605495583905 0.028368794326241134
0 0.8866535819430814 0.14804964539007093 0.012757605495583905 0.030141843971631204
0 0.8851815505397448 0.16489361702127658 0.015701668302257114 0.031914893617021274
0 0.8915603532875367 0.20124113475177305 0.016683022571148183 0.044326241134751775
0 0.8935230618253188 0.18528368794326242 0.014720314033366044 0.03368794326241135
0 0.9156035328753679 0.1702127659574468 0.011776251226692836 0.031914893617021274
0 0.9229636898920509 0.17375886524822695 0.014720314033366044 0.0425531914893617
0 0.9489695780176644 0.17109929078014183 0.015701668302257114 0.03368794326241135
0 0.9391560353287536 0.19680851063829788 0.013738959764474975 0.035460992907801414
0 0.9425907752698723 0.23404255319148937 0.016683022571148183 0.0425531914893617
0 0.9234543670264965 0.23670212765957446 0.017664376840039252 0.04078014184397163
0 0.9322865554465162 0.2854609929078014 0.02158979391560353 0.06028368794326241
0 0.8792934249263984 0.2828014184397163 0.01962708537782139 0.054964539007092195
0 0.923945044160942 0.3723404255319149 0.02453385672227674 0.0673758865248227
0 0.9008832188420018 0.41932624113475175 0.03140333660451423 0.07624113475177305