0 0.08052884615384616 0.3076923076923077 0.06490384615384616 0.07211538461538462
0 0.21274038461538464 0.33774038461538464 0.07451923076923077 0.08413461538461539
0 0.2620192307692308 0.3125 0.057692307692307696 0.07211538461538462
0 0.390625 0.3185096153846154 0.06490384615384616 0.0889423076923077
0 0.46995192307692313 0.30528846153846156 0.06490384615384616 0.08173076923076923
0 0.608173076923077 0.31730769230769235 0.07211538461538462 0.08653846153846154
0 0.6766826923076923 0.328125 0.04567307692307693 0.04567307692307693
0 0.7295673076923077 0.3737980769230769 0.06009615384615385 0.07932692307692309
0 0.8149038461538461 0.3125 0.04807692307692308 0.05288461538461539
0 0.8774038461538463 0.34375 0.057692307692307696 0.09134615384615385
0 0.9819711538461539 0.3293269230769231 0.03125 0.057692307692307696