0 0.8725961538461539 0.3353365384615385 0.10576923076923078 0.09855769230769232
0 0.5697115384615385 0.28605769230769235 0.07692307692307693 0.08173076923076923
0 0.3040865384615385 0.3076923076923077 0.05528846153846154 0.05288461538461539
0 0.18389423076923078 0.31730769230769235 0.04567307692307693 0.04807692307692308
1 0.0889423076923077 0.3389423076923077 0.04326923076923077 0.05288461538461539
0 0.4206730769230769 0.3293269230769231 0.038461538461538464 0.038461538461538464
0 0.46875 0.3389423076923077 0.02403846153846154 0.03365384615384616
0 0.6105769230769231 0.296875 0.028846153846153848 0.05528846153846154
0 0.6382211538461539 0.3125 0.03125 0.04326923076923077
0 0.6778846153846154 0.33774038461538464 0.02403846153846154 0.021634615384615384
0 0.23317307692307693 0.33052884615384615 0.03365384615384616 0.03605769230769231
0 0.8725961538461539 0.026442307692307696 0.10096153846153846 0.05288461538461539
0 0.5685096153846154 0.057692307692307696 0.07932692307692309 0.08173076923076923
0 0.3040865384615385 0.03485576923076923 0.05048076923076923 0.06009615384615385
0 0.4206730769230769 0.014423076923076924 0.038461538461538464 0.028846153846153848
0 0.1826923076923077 0.02403846153846154 0.04807692307692308 0.04807692307692308
0 0.23317307692307693 0.014423076923076924 0.03365384615384616 0.028846153846153848
1 0.0889423076923077 0.015625 0.04326923076923077 0.03125
0 0.4723557692307693 0.00841346153846154 0.026442307692307696 0.01682692307692308
0 0.6105769230769231 0.040865384615384616 0.03365384615384616 0.04807692307692308
0 0.6382211538461539 0.026442307692307696 0.03125 0.04326923076923077