1 0.682 0.45795795795795796 0.22 0.32732732732732733
1 0.214 0.2222222222222222 0.32 0.4444444444444444
0 0.894 0.6831831831831832 0.10400000000000001 0.17717717717717718
0 0.795 0.566066066066066 0.062 0.12912912912912913
0 0.804 0.47297297297297297 0.056 0.0990990990990991
0 0.8220000000000001 0.4144144144144144 0.044 0.07207207207207207
0 0.924 0.45645645645645644 0.044 0.06606606606606606
0 0.9410000000000001 0.5495495495495496 0.062 0.1021021021021021
0 0.918 0.41291291291291293 0.032 0.03903903903903904
0 0.545 0.4084084084084084 0.042 0.09009009009009009
0 0.503 0.41291291291291293 0.038 0.06306306306306306
0 0.505 0.5375375375375375 0.058 0.10810810810810811
0 0.432 0.4369369369369369 0.052000000000000005 0.07507507507507508
0 0.369 0.5975975975975976 0.07 0.09009009009009009
0 0.362 0.5315315315315315 0.056 0.08408408408408408
0 0.338 0.43993993993993996 0.052000000000000005 0.09309309309309309
0 0.28 0.3948948948948949 0.04 0.06906906906906907
0 0.267 0.44894894894894893 0.042 0.07507507507507508