0 0.09134615384615385 0.48557692307692313 0.019230769230769232 0.02403846153846154
1 0.06490384615384616 0.5360576923076923 0.03365384615384616 0.14423076923076925
1 0.171875 0.4278846153846154 0.11298076923076923 0.125
1 0.3040865384615385 0.4639423076923077 0.0889423076923077 0.10576923076923078
1 0.45072115384615385 0.4326923076923077 0.06490384615384616 0.07211538461538462
1 0.5168269230769231 0.47355769230769235 0.03365384615384616 0.04807692307692308
1 0.5649038461538461 0.4555288461538462 0.038461538461538464 0.06490384615384616
1 0.7103365384615385 0.45432692307692313 0.04567307692307693 0.0625
1 0.7860576923076924 0.4639423076923077 0.038461538461538464 0.05288461538461539
1 0.3605769230769231 0.47836538461538464 0.03365384615384616 0.0625
1 0.4807692307692308 0.4795673076923077 0.028846153846153848 0.04567307692307693