0 0.11177884615384616 0.3137019230769231 0.06490384615384616 0.06971153846153846
0 0.054086538461538464 0.34134615384615385 0.06971153846153846 0.10096153846153846
0 0.44230769230769235 0.34855769230769235 0.0625 0.09134615384615385
0 0.8449519230769231 0.33052884615384615 0.19951923076923078 0.24278846153846156
0 0.7704326923076924 0.20072115384615385 0.09375 0.12259615384615385
0 0.7716346153846154 0.056490384615384616 0.10096153846153846 0.09375
0 0.9314903846153847 0.20072115384615385 0.03125 0.040865384615384616
0 0.9314903846153847 0.04447115384615385 0.03125 0.03605769230769231
1 0.3557692307692308 0.31730769230769235 0.07692307692307693 0.13461538461538464
1 0.5492788461538461 0.3401442307692308 0.10336538461538462 0.1466346153846154
1 0.6165865384615385 0.2800480769230769 0.07451923076923077 0.10336538461538462