1 0.4050480769230769 0.32211538461538464 0.03125 0.04807692307692308
1 0.4747596153846154 0.30649038461538464 0.03125 0.05048076923076923
1 0.5817307692307693 0.3269230769230769 0.04326923076923077 0.057692307692307696
1 0.623798076923077 0.28125 0.04567307692307693 0.05288461538461539
1 0.6742788461538461 0.30528846153846156 0.04567307692307693 0.05288461538461539
1 0.8100961538461539 0.2776442307692308 0.057692307692307696 0.07451923076923077
1 0.8257211538461539 0.49759615384615385 0.0889423076923077 0.09615384615384616
1 0.7115384615384616 0.5408653846153847 0.07211538461538462 0.0625
1 0.4639423076923077 0.4759615384615385 0.057692307692307696 0.04326923076923077
1 0.8088942307692308 0.05168269230769231 0.06490384615384616 0.10336538461538462
1 0.6778846153846154 0.028846153846153848 0.04807692307692308 0.057692307692307696
1 0.6358173076923077 0.046875 0.04567307692307693 0.06490384615384616
1 0.4831730769230769 0.02764423076923077 0.038461538461538464 0.04567307692307693