0 0.06420454545454544 0.43113772455089816 0.046590909090909086 0.07984031936127745
0 0.09772727272727272 0.42514970059880236 0.045454545454545456 0.09580838323353293
0 0.16022727272727272 0.3133732534930139 0.02727272727272727 0.0558882235528942
0 0.3176136363636364 0.2205588822355289 0.019318181818181818 0.03393213572854291
0 0.33295454545454545 0.23253493013972054 0.022727272727272728 0.04590818363273453
0 0.3505681818181818 0.2275449101796407 0.02386363636363636 0.04790419161676646
0 0.38749999999999996 0.20059880239520955 0.022727272727272728 0.03792415169660678
0 0.6284090909090909 0.06187624750499002 0.013636363636363636 0.0279441117764471
0 0.5704545454545454 0.13173652694610777 0.022727272727272728 0.03992015968063872
0 0.6267045454545455 0.1307385229540918 0.019318181818181818 0.041916167664670656
0 0.6738636363636363 0.09980039920159679 0.01818181818181818 0.03992015968063872
0 0.5119318181818182 0.281437125748503 0.02386363636363636 0.04391217564870259
0 0.5397727272727273 0.2954091816367265 0.029545454545454545 0.05189620758483034
0 0.5499999999999999 0.3552894211576846 0.03636363636363636 0.07984031936127745
0 0.5886363636363636 0.3582834331337325 0.045454545454545456 0.08183632734530938
0 0.6102272727272727 0.3083832335329341 0.029545454545454545 0.06586826347305388
0 0.6164772727272727 0.19161676646706585 0.017045454545454544 0.03992015968063872
0 0.6448863636363636 0.18962075848303392 0.014772727272727272 0.031936127744510975
0 0.671590909090909 0.2554890219560878 0.020454545454545454 0.04790419161676646
0 0.702840909090909 0.18363273453093812 0.019318181818181818 0.03992015968063872
0 0.7119318181818182 0.08083832335329341 0.014772727272727272 0.03393213572854291