0 0.2800480769230769 0.3088942307692308 0.09375 0.09855769230769232
0 0.45793269230769235 0.3125 0.07451923076923077 0.10576923076923078
0 0.5985576923076923 0.31490384615384615 0.057692307692307696 0.09134615384615385
0 0.6514423076923077 0.32572115384615385 0.07692307692307693 0.09855769230769232
0 0.7103365384615385 0.33293269230769235 0.05048076923076923 0.09375
0 0.7776442307692308 0.34134615384615385 0.06009615384615385 0.08173076923076923
0 0.8413461538461539 0.3004807692307693 0.07692307692307693 0.10576923076923078
0 0.9278846153846154 0.3185096153846154 0.057692307692307696 0.08413461538461539
0 0.2776442307692308 0.09014423076923077 0.09375 0.10336538461538462
0 0.45793269230769235 0.08653846153846154 0.06971153846153846 0.11057692307692309
0 0.5949519230769231 0.08293269230769232 0.06009615384615385 0.09375
0 0.6478365384615385 0.07091346153846154 0.07932692307692309 0.10336538461538462
0 0.7127403846153847 0.06730769230769232 0.06009615384615385 0.09615384615384616
0 0.7764423076923077 0.058894230769230775 0.057692307692307696 0.07932692307692309
0 0.8413461538461539 0.09375 0.08173076923076923 0.10576923076923078
0 0.9254807692307693 0.08052884615384616 0.06730769230769232 0.08413461538461539