1 0.16105769230769232 0.46506024096385545 0.04807692307692308 0.07228915662650603
1 0.2139423076923077 0.48554216867469885 0.03365384615384616 0.045783132530120486
1 0.3076923076923077 0.4807228915662651 0.04326923076923077 0.06987951807228916
1 0.34615384615384615 0.46626506024096387 0.028846153846153848 0.050602409638554224
1 0.38341346153846156 0.4626506024096386 0.03605769230769231 0.06265060240963856
1 0.45793269230769235 0.46626506024096387 0.04567307692307693 0.0746987951807229
1 0.49759615384615385 0.46867469879518076 0.03365384615384616 0.055421686746987955
1 0.5492788461538461 0.46506024096385545 0.01682692307692308 0.024096385542168676
1 0.576923076923077 0.46385542168674704 0.014423076923076924 0.026506024096385545
1 0.6117788461538461 0.44337349397590364 0.04567307692307693 0.06265060240963856
1 0.686298076923077 0.46385542168674704 0.03125 0.050602409638554224
1 0.7704326923076924 0.4518072289156627 0.03125 0.04096385542168675
1 0.8221153846153847 0.46746987951807234 0.05288461538461539 0.07710843373493977
1 0.858173076923077 0.45783132530120485 0.028846153846153848 0.06265060240963856
1 0.9086538461538463 0.4481927710843374 0.014423076923076924 0.01927710843373494
1 0.9375 0.45662650602409643 0.03365384615384616 0.03614457831325302