0 0.11778846153846155 0.44578313253012053 0.028846153846153848 0.03855421686746988
1 0.04447115384615385 0.4590361445783133 0.021634615384615384 0.02168674698795181
0 0.17668269230769232 0.4337349397590362 0.08413461538461539 0.0819277108433735
0 0.38341346153846156 0.4337349397590362 0.05528846153846154 0.05301204819277109
0 0.4435096153846154 0.4228915662650603 0.04567307692307693 0.03614457831325302
0 0.5240384615384616 0.4373493975903615 0.028846153846153848 0.04096385542168675
0 0.5528846153846154 0.44337349397590364 0.028846153846153848 0.033734939759036145
0 0.6358173076923077 0.4421686746987952 0.01682692307692308 0.016867469879518072
0 0.6189903846153847 0.4337349397590362 0.01682692307692308 0.024096385542168676
0 0.6838942307692308 0.4349397590361446 0.03125 0.03132530120481928
0 0.7295673076923077 0.4313253012048193 0.01682692307692308 0.024096385542168676
0 0.75 0.4337349397590362 0.02403846153846154 0.028915662650602414
0 0.7944711538461539 0.43253012048192774 0.01682692307692308 0.02168674698795181
0 0.8197115384615385 0.427710843373494 0.028846153846153848 0.03132530120481928
0 0.8641826923076924 0.4228915662650603 0.021634615384615384 0.026506024096385545
0 0.9146634615384616 0.41807228915662653 0.03125 0.03614457831325302
0 0.9747596153846154 0.41807228915662653 0.021634615384615384 0.026506024096385545