0 0.13353413654618473 0.3521897810218978 0.03413654618473895 0.06569343065693431
0 0.2976907630522088 0.21532846715328466 0.01506024096385542 0.032846715328467155
0 0.30672690763052207 0.2363138686131387 0.017068273092369475 0.03467153284671533
0 0.33534136546184734 0.2354014598540146 0.014056224899598391 0.0364963503649635
0 0.3488955823293172 0.19981751824817517 0.013052208835341365 0.03467153284671533
0 0.33383534136546184 0.17518248175182483 0.01506024096385542 0.029197080291970802
0 0.3609437751004016 0.23813868613138686 0.019076305220883532 0.041970802919708027
0 0.38905622489959835 0.2509124087591241 0.019076305220883532 0.03467153284671533
0 0.3880522088353413 0.18704379562043796 0.01506024096385542 0.03467153284671533
0 0.41716867469879515 0.18248175182481752 0.01506024096385542 0.032846715328467155
0 0.4226907630522088 0.20164233576642335 0.014056224899598391 0.03467153284671533
0 0.43222891566265054 0.22445255474452555 0.019076305220883532 0.043795620437956206
0 0.4558232931726907 0.2116788321167883 0.01606425702811245 0.029197080291970802
0 0.4226907630522088 0.14233576642335766 0.010040160642570281 0.025547445255474453
0 0.4618473895582329 0.1624087591240876 0.01606425702811245 0.032846715328467155
0 0.47088353413654616 0.13959854014598538 0.014056224899598391 0.03102189781021898
0 0.4874497991967871 0.17427007299270073 0.01506024096385542 0.03467153284671533
0 0.5035140562248995 0.20255474452554745 0.013052208835341365 0.029197080291970802
0 0.49196787148594373 0.14507299270072993 0.014056224899598391 0.027372262773722626
0 0.4894578313253012 0.13412408759124086 0.013052208835341365 0.020072992700729927
0 0.4989959839357429 0.12317518248175183 0.012048192771084336 0.023722627737226276
0 0.5150602409638554 0.13594890510948904 0.012048192771084336 0.023722627737226276
0 0.5261044176706827 0.12043795620437955 0.012048192771084336 0.025547445255474453
0 0.5225903614457831 0.16970802919708028 0.01506024096385542 0.0364963503649635
0 0.5517068273092369 0.15328467153284672 0.01506024096385542 0.021897810218978103
0 0.5562248995983935 0.17427007299270073 0.01606425702811245 0.03467153284671533
0 0.5507028112449799 0.13594890510948904 0.011044176706827308 0.020072992700729927
0 0.5572289156626505 0.11861313868613138 0.014056224899598391 0.025547445255474453
0 0.5843373493975903 0.11405109489051095 0.012048192771084336 0.03102189781021898
0 0.591867469879518 0.1031021897810219 0.011044176706827308 0.023722627737226276
0 0.6069277108433735 0.1031021897810219 0.013052208835341365 0.023722627737226276
0 0.5988955823293172 0.13138686131386862 0.013052208835341365 0.021897810218978103
0 0.5873493975903614 0.16970802919708028 0.01606425702811245 0.032846715328467155
0 0.5813253012048192 0.22901459854014597 0.018072289156626505 0.041970802919708027
0 0.555722891566265 0.2874087591240876 0.03112449799196787 0.05291970802919708
0 0.4944779116465863 0.28102189781021897 0.0251004016064257 0.058394160583941604
0 0.6009036144578312 0.32755474452554745 0.02108433734939759 0.06751824817518248
0 0.6214859437751004 0.24726277372262773 0.020080321285140562 0.04562043795620438
0 0.6265060240963854 0.20437956204379562 0.01606425702811245 0.032846715328467155
0 0.6189759036144578 0.14142335766423358 0.013052208835341365 0.027372262773722626
0 0.6244979919678715 0.11861313868613138 0.012048192771084336 0.025547445255474453
0 0.6325301204819277 0.10218978102189781 0.012048192771084336 0.021897810218978103
0 0.6676706827309237 0.09945255474452555 0.010040160642570281 0.027372262773722626
0 0.6651606425702811 0.13047445255474452 0.011044176706827308 0.027372262773722626
0 0.6681726907630522 0.1760948905109489 0.013052208835341365 0.03467153284671533
0 0.6676706827309237 0.28193430656934304 0.020080321285140562 0.06021897810218978
0 0.695281124497992 0.312956204379562 0.027108433734939756 0.06021897810218978
0 0.7218875502008032 0.29105839416058393 0.022088353413654616 0.04562043795620438
0 0.7098393574297188 0.22536496350364962 0.018072289156626505 0.03467153284671533
0 0.7063253012048192 0.1760948905109489 0.017068273092369475 0.03467153284671533
0 0.7078313253012047 0.15328467153284672 0.014056224899598391 0.025547445255474453
0 0.6837349397590361 0.11405109489051095 0.012048192771084336 0.027372262773722626
0 0.6912650602409638 0.0948905109489051 0.011044176706827308 0.01824817518248175
0 0.7088353413654618 0.10218978102189781 0.012048192771084336 0.025547445255474453
0 0.7479919678714859 0.125 0.014056224899598391 0.03102189781021898
0 0.7786144578313252 0.13503649635036497 0.01506024096385542 0.032846715328467155
0 0.7499999999999999 0.16332116788321166 0.01606425702811245 0.03467153284671533
0 0.7570281124497992 0.17518248175182483 0.01606425702811245 0.032846715328467155
0 0.8002008032128514 0.17974452554744524 0.01606425702811245 0.03467153284671533
0 0.8012048192771084 0.2116788321167883 0.018072289156626505 0.040145985401459854
0 0.7580321285140561 0.24726277372262773 0.022088353413654616 0.041970802919708027
0 0.7730923694779116 0.30474452554744524 0.022088353413654616 0.06204379562043796
0 0.7429718875502007 0.39233576642335766 0.028112449799196783 0.072992700729927
0 0.823293172690763 0.40875912408759124 0.028112449799196783 0.06204379562043796
0 0.8950803212851405 0.41332116788321166 0.027108433734939756 0.07481751824817517
0 0.9136546184738955 0.3312043795620438 0.024096385542168672 0.05656934306569343
0 0.9262048192771083 0.28923357664233573 0.017068273092369475 0.04562043795620438
0 0.8674698795180722 0.26551094890510946 0.020080321285140562 0.04562043795620438
0 0.8388554216867469 0.30200729927007297 0.023092369477911646 0.06021897810218978
0 0.8137550200803212 0.2545620437956204 0.02108433734939759 0.05291970802919708
0 0.8810240963855421 0.22080291970802918 0.017068273092369475 0.0364963503649635
0 0.9241967871485943 0.2198905109489051 0.019076305220883532 0.04562043795620438
0 0.8263052208835341 0.16514598540145986 0.01606425702811245 0.023722627737226276