1 0.4 0.41114701130856224 0.07272727272727272 0.09531502423263329
1 0.5466666666666666 0.31179321486268174 0.041212121212121214 0.05492730210016156
1 0.7381818181818182 0.3949919224555735 0.06060606060606061 0.09531502423263329
1 0.8909090909090909 0.3780290791599354 0.06303030303030303 0.09369951534733442
1 0.8466666666666667 0.35864297253634897 0.05696969696969697 0.07754442649434573
1 0.5806060606060606 0.40226171243941844 0.06303030303030303 0.09369951534733442
1 0.3387878787878788 0.33279483037156704 0.03272727272727273 0.04523424878836834
1 0.24787878787878787 0.4289176090468498 0.07878787878787878 0.09854604200323103
1 0.22787878787878788 0.3360258481421648 0.033939393939393936 0.04523424878836834
1 0.1703030303030303 0.3344103392568659 0.037575757575757575 0.051696284329563816
1 0.10242424242424242 0.4273021001615509 0.08606060606060606 0.10177705977382877
1 0.03272727272727273 0.37156704361873993 0.06545454545454546 0.09369951534733442
1 0.05333333333333333 0.34814216478190635 0.026666666666666665 0.04038772213247173