0 0.03365384615384616 0.5421686746987953 0.04326923076923077 0.04337349397590362
0 0.40024038461538464 0.5963855421686748 0.021634615384615384 0.026506024096385545
0 0.42668269230769235 0.5373493975903615 0.01682692307692308 0.01927710843373494
0 0.4711538461538462 0.53855421686747 0.014423076923076924 0.02168674698795181
0 0.5204326923076923 0.5433734939759036 0.01682692307692308 0.016867469879518072
0 0.5745192307692308 0.5421686746987953 0.019230769230769232 0.024096385542168676
1 0.1887019230769231 0.5686746987951807 0.05048076923076923 0.06265060240963856
1 0.3822115384615385 0.5373493975903615 0.02403846153846154 0.028915662650602414
1 0.43870192307692313 0.5614457831325301 0.026442307692307696 0.024096385542168676
1 0.48918269230769235 0.53855421686747 0.021634615384615384 0.03132530120481928
1 0.5540865384615385 0.555421686746988 0.021634615384615384 0.03132530120481928
1 0.6189903846153847 0.5397590361445783 0.021634615384615384 0.028915662650602414
1 0.6454326923076923 0.536144578313253 0.03125 0.03614457831325302
1 0.6959134615384616 0.5325301204819277 0.01682692307692308 0.028915662650602414
1 0.733173076923077 0.5349397590361447 0.02403846153846154 0.03855421686746988
1 0.7668269230769231 0.5373493975903615 0.038461538461538464 0.04337349397590362
1 0.8173076923076924 0.5289156626506024 0.02403846153846154 0.026506024096385545
1 0.8401442307692308 0.536144578313253 0.01682692307692308 0.02168674698795181
1 0.8786057692307693 0.5337349397590362 0.03125 0.03614457831325302
1 0.921875 0.527710843373494 0.03605769230769231 0.03855421686746988
1 0.9879807692307693 0.5289156626506024 0.019230769230769232 0.026506024096385545