0 0.03125 0.48554216867469885 0.057692307692307696 0.06024096385542169
0 0.07692307692307693 0.5048192771084338 0.07692307692307693 0.0746987951807229
0 0.17067307692307693 0.5204819277108435 0.07692307692307693 0.08674698795180724
0 0.1935096153846154 0.44698795180722894 0.04567307692307693 0.055421686746987955
0 0.31730769230769235 0.44337349397590364 0.04326923076923077 0.04819277108433735
0 0.4086538461538462 0.4409638554216868 0.03365384615384616 0.04819277108433735
0 0.4807692307692308 0.4373493975903615 0.028846153846153848 0.04096385542168675
0 0.4963942307692308 0.4168674698795181 0.021634615384615384 0.028915662650602414
0 0.5408653846153847 0.42891566265060244 0.02403846153846154 0.033734939759036145
0 0.6826923076923077 0.42891566265060244 0.02403846153846154 0.033734939759036145
0 0.7632211538461539 0.43253012048192774 0.03125 0.03614457831325302
0 0.8185096153846154 0.44698795180722894 0.03605769230769231 0.03132530120481928
0 0.7307692307692308 0.5734939759036145 0.10576923076923078 0.12048192771084339
0 0.7403846153846154 0.5024096385542169 0.08173076923076923 0.04096385542168675
0 0.8173076923076924 0.49638554216867475 0.0625 0.06265060240963856
0 0.8713942307692308 0.491566265060241 0.05048076923076923 0.06265060240963856
0 0.9230769230769231 0.46506024096385545 0.05288461538461539 0.04819277108433735
0 0.3389423076923077 0.5626506024096386 0.10576923076923078 0.10843373493975905