0 0.14543269230769232 0.3939759036144579 0.040865384615384616 0.06024096385542169
0 0.20673076923076925 0.4024096385542169 0.04807692307692308 0.05783132530120483
0 0.2872596153846154 0.4012048192771085 0.05048076923076923 0.06024096385542169
0 0.40384615384615385 0.3530120481927711 0.04807692307692308 0.06024096385542169
0 0.42668269230769235 0.3975903614457832 0.05048076923076923 0.06746987951807229
0 0.5396634615384616 0.383132530120482 0.06009615384615385 0.06746987951807229
0 0.5877403846153847 0.4096385542168675 0.05528846153846154 0.06265060240963856
0 0.7211538461538461 0.4060240963855422 0.05288461538461539 0.0746987951807229
0 0.796875 0.4048192771084338 0.08413461538461539 0.0819277108433735
0 0.8701923076923077 0.4156626506024097 0.05288461538461539 0.06987951807228916
0 0.9411057692307693 0.35060240963855427 0.07451923076923077 0.0891566265060241