0 0.025240384615384616 0.42530120481927713 0.03125 0.04096385542168675
1 0.1983173076923077 0.4060240963855422 0.07451923076923077 0.07951807228915664
1 0.25841346153846156 0.3590361445783133 0.06490384615384616 0.09156626506024097
0 0.40625 0.3843373493975904 0.057692307692307696 0.0746987951807229
0 0.34615384615384615 0.4240963855421687 0.014423076923076924 0.024096385542168676
0 0.4651442307692308 0.4228915662650603 0.01682692307692308 0.03614457831325302
0 0.5444711538461539 0.4072289156626506 0.021634615384615384 0.04337349397590362
0 0.5733173076923077 0.3939759036144579 0.06971153846153846 0.06987951807228916
1 0.640625 0.42530120481927713 0.01682692307692308 0.03132530120481928
0 0.6622596153846154 0.419277108433735 0.03605769230769231 0.05301204819277109
1 0.6971153846153847 0.4301204819277109 0.019230769230769232 0.03132530120481928
1 0.7163461538461539 0.4036144578313253 0.028846153846153848 0.050602409638554224
1 0.8016826923076924 0.3590361445783133 0.07451923076923077 0.0963855421686747