1 0.12379807692307693 0.25542168674698795 0.10336538461538462 0.10120481927710845
1 0.12379807692307693 0.06987951807228916 0.10336538461538462 0.11084337349397591
1 0.34615384615384615 0.027710843373493978 0.06730769230769232 0.055421686746987955
1 0.7463942307692308 0.04096385542168675 0.07451923076923077 0.07710843373493977
1 0.2932692307692308 0.34337349397590367 0.04807692307692308 0.06506024096385543
1 0.34615384615384615 0.30843373493975906 0.06730769230769232 0.07228915662650603
1 0.4362980769230769 0.3626506024096386 0.04567307692307693 0.055421686746987955
1 0.4951923076923077 0.3843373493975904 0.038461538461538464 0.050602409638554224
1 0.5420673076923077 0.3421686746987952 0.06009615384615385 0.06746987951807229
1 0.6201923076923077 0.3566265060240964 0.04807692307692308 0.05783132530120483
1 0.7463942307692308 0.28915662650602414 0.07451923076923077 0.07710843373493977
1 0.8233173076923077 0.3566265060240964 0.04567307692307693 0.06265060240963856