1 0.42562500000000003 0.31672932330827064 0.07625 0.14473684210526316
1 0.465625 0.34962406015037595 0.043750000000000004 0.09774436090225563
1 0.596875 0.33270676691729323 0.08875 0.16917293233082706
1 0.691875 0.38345864661654133 0.03625 0.06015037593984962
1 0.64875 0.3862781954887218 0.035 0.05451127819548872
1 0.7325 0.3731203007518797 0.0475 0.07330827067669173
1 0.78125 0.35432330827067665 0.05 0.10338345864661654
1 0.895625 0.3881578947368421 0.03625 0.06578947368421052
1 0.9225 0.37969924812030076 0.0275 0.06766917293233082
1 0.95375 0.37781954887218044 0.0475 0.07894736842105263
1 0.325 0.35620300751879697 0.045 0.11090225563909774
1 0.3575 0.37687969924812026 0.0275 0.05451127819548872
1 0.380625 0.3740601503759398 0.02125 0.04887218045112782
1 0.286875 0.3533834586466165 0.02875 0.05639097744360902
1 0.245 0.299812030075188 0.0675 0.11842105263157894
1 0.213125 0.34868421052631576 0.03375 0.05075187969924812
1 0.153125 0.35432330827067665 0.06125 0.11090225563909774
1 0.108125 0.375 0.04125 0.05827067669172932
1 0.055 0.3233082706766917 0.0575 0.11278195488721804
1 0.02875 0.3806390977443609 0.025 0.03571428571428571
0 0.836875 0.3609022556390977 0.06875 0.13157894736842105