0 0.111731843575419 0.564935064935065 0.05746209098164406 0.10245310245310245
0 0.23104549082202713 0.3434343434343434 0.018355945730247406 0.031746031746031744
0 0.26097366320830007 0.34704184704184704 0.020750199521149242 0.03896103896103896
0 0.2869114126097366 0.30303030303030304 0.015163607342378293 0.031746031746031744
0 0.2877094972067039 0.36796536796536794 0.019952114924181964 0.0404040404040404
0 0.32122905027932963 0.3787878787878788 0.02154828411811652 0.04184704184704185
0 0.35195530726256985 0.33116883116883117 0.014365522745411015 0.03318903318903319
0 0.3523543495610535 0.29148629148629146 0.01675977653631285 0.02886002886002886
0 0.3778930566640064 0.34704184704184704 0.018355945730247406 0.03318903318903319
0 0.383878691141261 0.26406926406926406 0.014365522745411015 0.025974025974025976
0 0.3962490023942538 0.2878787878787879 0.011971268954509178 0.027417027417027416
0 0.4014365522745411 0.30158730158730157 0.014365522745411015 0.02886002886002886
0 0.40462889066241026 0.3528138528138528 0.019154030327214685 0.044733044733044736
0 0.42098962490023945 0.2619047619047619 0.013567438148443736 0.021645021645021644
0 0.4365522745411014 0.2676767676767677 0.012769353551476457 0.027417027417027416
0 0.43216280925778133 0.30735930735930733 0.018355945730247406 0.03751803751803752
0 0.446927374301676 0.3318903318903319 0.019154030327214685 0.03463203463203463
0 0.46209098164405427 0.3051948051948052 0.017557861133280128 0.03318903318903319
0 0.4485235434956106 0.2518037518037518 0.0111731843575419 0.027417027417027416
0 0.4592976855546688 0.240981240981241 0.013567438148443736 0.025974025974025976
0 0.4616919393455707 0.2756132756132756 0.013567438148443736 0.025974025974025976
0 0.4776536312849162 0.2878787878787879 0.01675977653631285 0.030303030303030304
0 0.5103750997605746 0.2994227994227994 0.01675977653631285 0.030303030303030304
0 0.49441340782122906 0.3253968253968254 0.015163607342378293 0.03318903318903319
0 0.5071827613727056 0.24675324675324675 0.011971268954509178 0.025974025974025976
0 0.5219473264166001 0.25613275613275616 0.017557861133280128 0.03318903318903319
0 0.5395051875498803 0.23160173160173161 0.012769353551476457 0.027417027417027416
0 0.5582601755786114 0.2222222222222222 0.010375099760574621 0.0202020202020202
0 0.5714285714285715 0.2597402597402597 0.01596169193934557 0.03463203463203463
0 0.5642458100558659 0.24242424242424243 0.014365522745411015 0.02886002886002886
0 0.5638467677573823 0.2821067821067821 0.015163607342378293 0.03896103896103896
0 0.519952114924182 0.3528138528138528 0.019952114924181964 0.044733044733044736
0 0.4908220271348763 0.3997113997113997 0.0223463687150838 0.05194805194805195
0 0.5331205107741421 0.4054834054834055 0.025538707102952914 0.049062049062049064
0 0.5905826017557861 0.23015873015873015 0.0111731843575419 0.024531024531024532
0 0.5997605746209098 0.2077922077922078 0.011971268954509178 0.02886002886002886
0 0.5877893056664006 0.2554112554112554 0.013567438148443736 0.02886002886002886
0 0.6189146049481246 0.25685425685425683 0.013567438148443736 0.023088023088023088
0 0.6229050279329609 0.23376623376623376 0.015163607342378293 0.025974025974025976
0 0.6500399042298484 0.22727272727272727 0.010375099760574621 0.024531024531024532
0 0.6628092577813248 0.2352092352092352 0.011971268954509178 0.02886002886002886
0 0.671588188347965 0.22943722943722944 0.011971268954509178 0.02886002886002886
0 0.6656025538707103 0.2691197691197691 0.014365522745411015 0.03318903318903319
0 0.6899441340782123 0.25757575757575757 0.013567438148443736 0.03607503607503607
0 0.6229050279329609 0.3059163059163059 0.01675977653631285 0.0404040404040404
0 0.6348762968874702 0.33405483405483405 0.018355945730247406 0.04184704184704185
0 0.5881883479648843 0.33044733044733043 0.019154030327214685 0.03751803751803752
0 0.5961691939345571 0.373015873015873 0.0223463687150838 0.044733044733044736
0 0.6005586592178771 0.43362193362193363 0.026336791699920193 0.05339105339105339
0 0.6532322426177175 0.38672438672438675 0.026336791699920193 0.06060606060606061
0 0.6556264964086194 0.4393939393939394 0.029529130087789308 0.06204906204906205
0 0.6939345570630487 0.5317460317460317 0.031125299281723865 0.07936507936507936
0 0.666001596169194 0.3217893217893218 0.019952114924181964 0.03463203463203463
0 0.6779728651237031 0.35209235209235207 0.019952114924181964 0.04329004329004329
0 0.7158818834796489 0.39826839826839827 0.025538707102952914 0.05772005772005772
0 0.7565841979249801 0.45454545454545453 0.02873104549082203 0.06060606060606061
0 0.8092577813248205 0.5331890331890332 0.030327214684756586 0.06782106782106782
0 0.8228252194732643 0.43434343434343436 0.0223463687150838 0.05194805194805195
0 0.7857142857142858 0.3795093795093795 0.02154828411811652 0.046176046176046176
0 0.8012769353551477 0.34559884559884557 0.017557861133280128 0.04184704184704185
0 0.7083000798084598 0.29148629148629146 0.015163607342378293 0.03751803751803752
0 0.719074221867518 0.2518037518037518 0.014365522745411015 0.03318903318903319
0 0.7358339984038308 0.22294372294372294 0.014365522745411015 0.027417027417027416
0 0.7633679169992019 0.24025974025974026 0.013567438148443736 0.024531024531024532
0 0.7541899441340782 0.2597402597402597 0.01596169193934557 0.03463203463203463
0 0.7529928172386273 0.28354978354978355 0.018355945730247406 0.03607503607503607
0 0.7916999201915403 0.24603174603174602 0.014365522745411015 0.027417027417027416
0 0.8192338387869115 0.2619047619047619 0.013567438148443736 0.030303030303030304
0 0.8507581803671189 0.25613275613275616 0.0111731843575419 0.024531024531024532
0 0.8459696727853153 0.27344877344877344 0.0111731843575419 0.03607503607503607
0 0.8339984038308061 0.2828282828282828 0.012769353551476457 0.03751803751803752
0 0.7980845969672786 0.2792207792207792 0.01596169193934557 0.030303030303030304
0 0.7952913008778931 0.30447330447330445 0.015163607342378293 0.03751803751803752
0 0.8312051077414206 0.32395382395382394 0.01675977653631285 0.044733044733044736
0 0.8619313647246608 0.28643578643578643 0.014365522745411015 0.03607503607503607
0 0.8603351955307263 0.33116883116883117 0.01596169193934557 0.047619047619047616
0 0.849561053471668 0.35858585858585856 0.01675977653631285 0.047619047619047616
0 0.8399840383080607 0.3888888888888889 0.019952114924181964 0.05916305916305916
0 0.8750997605746209 0.40404040404040403 0.019952114924181964 0.05483405483405483
0 0.9134078212290503 0.27056277056277056 0.011971268954509178 0.03318903318903319
0 0.912609736632083 0.30663780663780665 0.013567438148443736 0.03607503607503607
0 0.9046288906624103 0.3268398268398268 0.013567438148443736 0.030303030303030304
0 0.9054269752593775 0.3556998556998557 0.01675977653631285 0.04184704184704185
0 0.8906624102154829 0.4675324675324675 0.0223463687150838 0.06637806637806638