1 0.276 0.31736526946107785 0.2 0.19760479041916168
1 0.454 0.26197604790419166 0.18 0.17065868263473055
1 0.678 0.3038922155688623 0.196 0.18263473053892218
1 0.804 0.218562874251497 0.176 0.19760479041916168
1 0.902 0.21706586826347307 0.116 0.15269461077844312
1 0.9540000000000001 0.18862275449101798 0.084 0.14970059880239522
1 0.73 0.055389221556886234 0.1 0.08083832335329341
1 0.8320000000000001 0.08532934131736528 0.10400000000000001 0.08682634730538923
1 0.714 0.1287425149700599 0.116 0.0658682634730539
1 0.672 0.17365269461077845 0.12 0.08982035928143713
1 0.5720000000000001 0.20209580838323354 0.152 0.15269461077844312
1 0.43 0.1317365269461078 0.14 0.10778443113772455
1 0.20600000000000002 0.2095808383233533 0.17200000000000001 0.16167664670658682
1 0.052000000000000005 0.3023952095808383 0.10400000000000001 0.18562874251497008
1 0.038 0.15868263473053892 0.076 0.09580838323353294
1 0.124 0.2125748502994012 0.10400000000000001 0.15568862275449102
1 0.252 0.14520958083832336 0.12 0.11077844311377247
1 0.31 0.11826347305389222 0.084 0.09880239520958084
1 0.374 0.0658682634730539 0.092 0.08383233532934133
1 0.642 0.10179640718562875 0.068 0.04790419161676647
1 0.534 0.056886227544910184 0.084 0.04790419161676647
1 0.47200000000000003 0.05089820359281438 0.07200000000000001 0.05389221556886228
1 0.112 0.11377245508982037 0.112 0.059880239520958084
1 0.19 0.09880239520958084 0.076 0.05389221556886228
1 0.048 0.09730538922155689 0.096 0.056886227544910184
0 0.274 0.031437125748503 0.052000000000000005 0.05089820359281438
0 0.178 0.04341317365269461 0.06 0.038922155688622756
0 0.09 0.056886227544910184 0.052000000000000005 0.04790419161676647