1 0.7115384615384616 0.6478365384615385 0.04807692307692308 0.06490384615384616
1 0.7115384615384616 0.4278846153846154 0.04326923076923077 0.04807692307692308
1 0.5805288461538461 0.5060096153846154 0.03125 0.026442307692307696
1 0.4074519230769231 0.514423076923077 0.040865384615384616 0.038461538461538464
1 0.5408653846153847 0.48557692307692313 0.038461538461538464 0.04326923076923077
1 0.109375 0.3653846153846154 0.05048076923076923 0.0625
1 0.08293269230769232 0.2512019230769231 0.04567307692307693 0.05528846153846154
1 0.1466346153846154 0.25480769230769235 0.03365384615384616 0.038461538461538464
1 0.17548076923076925 0.2884615384615385 0.03365384615384616 0.03365384615384616
1 0.44230769230769235 0.3605769230769231 0.038461538461538464 0.04326923076923077
1 0.3786057692307693 0.44591346153846156 0.026442307692307696 0.03125
1 0.3774038461538462 0.3389423076923077 0.028846153846153848 0.028846153846153848
1 0.4122596153846154 0.3341346153846154 0.026442307692307696 0.028846153846153848
1 0.530048076923077 0.3088942307692308 0.021634615384615384 0.026442307692307696
1 0.5913461538461539 0.2956730769230769 0.019230769230769232 0.028846153846153848
1 0.6466346153846154 0.31009615384615385 0.03365384615384616 0.038461538461538464
1 0.6911057692307693 0.31490384615384615 0.03125 0.028846153846153848
1 0.7151442307692308 0.27524038461538464 0.026442307692307696 0.03605769230769231
1 0.7584134615384616 0.2980769230769231 0.026442307692307696 0.03365384615384616
1 0.7908653846153847 0.25480769230769235 0.028846153846153848 0.038461538461538464
1 0.08293269230769232 0.08533653846153846 0.05528846153846154 0.06490384615384616
1 0.14182692307692307 0.07572115384615385 0.038461538461538464 0.05048076923076923
1 0.17548076923076925 0.04326923076923077 0.028846153846153848 0.04326923076923077
1 0.5324519230769231 0.022836538461538464 0.026442307692307696 0.026442307692307696
1 0.592548076923077 0.038461538461538464 0.026442307692307696 0.028846153846153848
1 0.6502403846153847 0.025240384615384616 0.03125 0.03605769230769231
1 0.717548076923077 0.06129807692307693 0.026442307692307696 0.040865384615384616
1 0.7596153846153847 0.037259615384615384 0.028846153846153848 0.03605769230769231
1 0.7932692307692308 0.07932692307692309 0.03365384615384616 0.04807692307692308