0 0.06886792452830189 0.4369747899159664 0.04528301886792453 0.10756302521008404
0 0.25660377358490566 0.27983193277310925 0.018867924528301886 0.03529411764705882
0 0.2839622641509434 0.2647058823529412 0.018867924528301886 0.03529411764705882
0 0.3018867924528302 0.2554621848739496 0.018867924528301886 0.040336134453781515
0 0.32452830188679244 0.2647058823529412 0.018867924528301886 0.04537815126050421
0 0.3438679245283019 0.27563025210084036 0.017924528301886792 0.04369747899159664
0 0.39622641509433965 0.3058823529411765 0.024528301886792454 0.05042016806722689
0 0.32169811320754715 0.22100840336134456 0.016981132075471698 0.03529411764705882
0 0.3471698113207547 0.21344537815126052 0.016981132075471698 0.03697478991596639
0 0.35283018867924526 0.23865546218487396 0.018867924528301886 0.033613445378151266
0 0.3740566037735849 0.22605042016806723 0.02169811320754717 0.0319327731092437
0 0.419811320754717 0.219327731092437 0.016981132075471698 0.03865546218487395
0 0.4962264150943396 0.28571428571428575 0.026415094339622643 0.060504201680672276
0 0.3867924528301887 0.2092436974789916 0.018867924528301886 0.0319327731092437
0 0.40849056603773587 0.1739495798319328 0.01509433962264151 0.0319327731092437
0 0.4268867924528302 0.18067226890756305 0.014150943396226415 0.03529411764705882
0 0.45849056603773586 0.16638655462184876 0.016981132075471698 0.03697478991596639
0 0.4533018867924528 0.1403361344537815 0.014150943396226415 0.028571428571428574
0 0.4481132075471698 0.219327731092437 0.018867924528301886 0.04201680672268908
0 0.47924528301886793 0.16134453781512606 0.013207547169811321 0.030252100840336138
0 0.4731132075471698 0.146218487394958 0.012264150943396227 0.02689075630252101
0 0.48632075471698116 0.13529411764705884 0.010377358490566037 0.02184873949579832
0 0.4966981132075472 0.2285714285714286 0.01981132075471698 0.040336134453781515
0 0.46320754716981133 0.19831932773109245 0.01509433962264151 0.033613445378151266
0 0.44433962264150945 0.1949579831932773 0.01509433962264151 0.033613445378151266
0 0.47877358490566035 0.19747899159663868 0.016037735849056604 0.03865546218487395
0 0.5037735849056604 0.20252100840336135 0.016981132075471698 0.03865546218487395
0 0.5066037735849057 0.16470588235294117 0.01509433962264151 0.033613445378151266
0 0.5004716981132076 0.1504201680672269 0.012264150943396227 0.0319327731092437
0 0.5283018867924528 0.13277310924369748 0.01509433962264151 0.030252100840336138
0 0.534433962264151 0.17058823529411765 0.01981132075471698 0.04201680672268908
0 0.55 0.15294117647058825 0.013207547169811321 0.030252100840336138
0 0.5391509433962264 0.1277310924369748 0.012264150943396227 0.02689075630252101
0 0.5613207547169812 0.1319327731092437 0.01509433962264151 0.028571428571428574
0 0.5707547169811321 0.11176470588235295 0.013207547169811321 0.025210084033613446
0 0.5849056603773585 0.13613445378151262 0.011320754716981133 0.030252100840336138
0 0.5726415094339623 0.16134453781512606 0.016981132075471698 0.033613445378151266
0 0.5877358490566038 0.12521008403361344 0.011320754716981133 0.025210084033613446
0 0.5981132075471698 0.09915966386554623 0.013207547169811321 0.02689075630252101
0 0.6183962264150944 0.1 0.012264150943396227 0.028571428571428574
0 0.6216981132075472 0.1403361344537815 0.01509433962264151 0.03865546218487395
0 0.6349056603773585 0.11932773109243698 0.013207547169811321 0.02689075630252101
0 0.6396226415094339 0.10336134453781513 0.011320754716981133 0.028571428571428574
0 0.6721698113207547 0.12100840336134455 0.014150943396226415 0.02689075630252101
0 0.689622641509434 0.10420168067226891 0.013207547169811321 0.033613445378151266
0 0.5674528301886792 0.23865546218487396 0.01981132075471698 0.03697478991596639
0 0.5622641509433962 0.29327731092436976 0.024528301886792454 0.05882352941176471
0 0.6033018867924528 0.33109243697478996 0.027358490566037737 0.0638655462184874
0 0.6089622641509435 0.25378151260504206 0.027358490566037737 0.05714285714285715
0 0.6254716981132076 0.18823529411764706 0.018867924528301886 0.04369747899159664
0 0.65 0.17478991596638657 0.018867924528301886 0.047058823529411764
0 0.6636792452830189 0.20420168067226893 0.01981132075471698 0.052100840336134456
0 0.6806603773584906 0.2420168067226891 0.01981132075471698 0.05042016806722689
0 0.6971698113207547 0.2142857142857143 0.020754716981132074 0.04873949579831933
0 0.6877358490566038 0.13949579831932774 0.013207547169811321 0.030252100840336138
0 0.7150943396226415 0.13613445378151262 0.013207547169811321 0.04369747899159664
0 0.7415094339622642 0.11596638655462185 0.013207547169811321 0.033613445378151266
0 0.7509433962264151 0.1092436974789916 0.013207547169811321 0.033613445378151266
0 0.7334905660377359 0.15210084033613447 0.016037735849056604 0.04201680672268908
0 0.6773584905660377 0.3344537815126051 0.02830188679245283 0.06722689075630253
0 0.7122641509433962 0.28571428571428575 0.02830188679245283 0.05714285714285715
0 0.7429245283018868 0.20252100840336135 0.016037735849056604 0.04201680672268908
0 0.7627358490566037 0.2285714285714286 0.01981132075471698 0.05378151260504202
0 0.7731132075471698 0.2773109243697479 0.02547169811320755 0.05714285714285715
0 0.7584905660377359 0.1546218487394958 0.013207547169811321 0.033613445378151266
0 0.7481132075471698 0.1453781512605042 0.013207547169811321 0.0319327731092437
0 0.7688679245283019 0.13529411764705884 0.01509433962264151 0.03529411764705882
0 0.7891509433962264 0.1184873949579832 0.012264150943396227 0.0319327731092437
0 0.7952830188679245 0.13025210084033614 0.009433962264150943 0.0319327731092437
0 0.809433962264151 0.1184873949579832 0.011320754716981133 0.0319327731092437
0 0.7981132075471699 0.18319327731092439 0.01509433962264151 0.040336134453781515
0 0.8235849056603773 0.15546218487394958 0.01509433962264151 0.03865546218487395
0 0.8325471698113207 0.13277310924369748 0.014150943396226415 0.03697478991596639
0 0.8556603773584905 0.14873949579831933 0.011320754716981133 0.028571428571428574
0 0.8533018867924529 0.17983193277310924 0.014150943396226415 0.033613445378151266
0 0.8693396226415094 0.14873949579831933 0.012264150943396227 0.0319327731092437
0 0.8721698113207548 0.12352941176470589 0.012264150943396227 0.028571428571428574
0 0.8773584905660378 0.21680672268907564 0.01509433962264151 0.040336134453781515
0 0.8995283018867924 0.12521008403361344 0.010377358490566037 0.028571428571428574
0 0.9358490566037736 0.1638655462184874 0.013207547169811321 0.03529411764705882
0 0.8858490566037736 0.1915966386554622 0.013207547169811321 0.040336134453781515
0 0.9325471698113208 0.273109243697479 0.02358490566037736 0.04873949579831933
0 0.8919811320754717 0.17647058823529413 0.014150943396226415 0.03697478991596639
0 0.8962264150943396 0.16134453781512606 0.01509433962264151 0.03697478991596639