1 0.8485576923076924 0.30481927710843376 0.11057692307692309 0.13734939759036147
1 0.7548076923076924 0.30481927710843376 0.057692307692307696 0.06987951807228916
1 0.8473557692307693 0.13012048192771086 0.10817307692307693 0.13975903614457832
1 0.7560096153846154 0.12409638554216869 0.06009615384615385 0.0746987951807229
1 0.4831730769230769 0.022891566265060243 0.05288461538461539 0.045783132530120486
1 0.3425480769230769 0.15783132530120483 0.09855769230769232 0.10361445783132531
1 0.2199519230769231 0.14698795180722893 0.05528846153846154 0.0819277108433735
1 0.1826923076923077 0.14457831325301207 0.07211538461538462 0.08674698795180724
1 0.08653846153846154 0.14337349397590363 0.04326923076923077 0.055421686746987955
1 0.08774038461538462 0.29397590361445786 0.05048076923076923 0.04819277108433735
1 0.18028846153846154 0.29156626506024097 0.06730769230769232 0.08674698795180724
1 0.22355769230769232 0.28192771084337354 0.0625 0.07710843373493977
1 0.3401442307692308 0.27590361445783135 0.09375 0.09879518072289158
1 0.48197115384615385 0.4096385542168675 0.05048076923076923 0.04819277108433735
1 0.4483173076923077 0.5975903614457831 0.06971153846153846 0.07710843373493977
1 0.45072115384615385 0.9602409638554218 0.06490384615384616 0.0746987951807229