1 0.17427884615384617 0.30000000000000004 0.16586538461538464 0.16626506024096388
1 0.3004807692307693 0.31084337349397595 0.10576923076923078 0.13012048192771086
1 0.08774038461538462 0.32168674698795185 0.05048076923076923 0.06024096385542169
1 0.08533653846153846 0.10963855421686748 0.05048076923076923 0.055421686746987955
1 0.17307692307692307 0.13132530120481928 0.15384615384615385 0.1807228915662651
1 0.3040865384615385 0.12048192771084339 0.09855769230769232 0.13975903614457832
1 0.59375 0.3975903614457832 0.10096153846153846 0.13012048192771086
1 0.5961538461538461 0.051807228915662654 0.10096153846153846 0.10361445783132531
1 0.6935096153846154 0.31807228915662655 0.11778846153846155 0.1493975903614458
1 0.7319711538461539 0.3710843373493976 0.1466346153846154 0.16867469879518074
1 0.6947115384615385 0.11686746987951808 0.11538461538461539 0.15180722891566267
1 0.7367788461538461 0.0746987951807229 0.1466346153846154 0.14457831325301207
1 0.9567307692307693 0.3240963855421687 0.08173076923076923 0.21445783132530122
1 0.9555288461538463 0.10843373493975905 0.08413461538461539 0.20722891566265061