0 0.7235576923076924 0.07710843373493977 0.10096153846153846 0.10120481927710845
0 0.7235576923076924 0.25542168674698795 0.09615384615384616 0.10602409638554218
0 0.014423076923076924 0.574698795180723 0.028846153846153848 0.06024096385542169
0 0.125 0.5819277108433736 0.04326923076923077 0.06024096385542169
0 0.5877403846153847 0.6156626506024097 0.01682692307692308 0.03132530120481928
0 0.5120192307692308 0.619277108433735 0.019230769230769232 0.028915662650602414
0 0.4567307692307693 0.6048192771084338 0.009615384615384616 0.024096385542168676
0 0.41586538461538464 0.5963855421686748 0.038461538461538464 0.050602409638554224
0 0.390625 0.6036144578313254 0.021634615384615384 0.03614457831325302
0 0.23076923076923078 0.5891566265060242 0.03365384615384616 0.055421686746987955
0 0.3004807692307693 0.5963855421686748 0.028846153846153848 0.045783132530120486
0 0.3389423076923077 0.5819277108433736 0.057692307692307696 0.03614457831325302
0 0.5420673076923077 0.6120481927710844 0.03605769230769231 0.04337349397590362
0 0.6141826923076923 0.6144578313253013 0.040865384615384616 0.06265060240963856
0 0.47716346153846156 0.6012048192771084 0.04567307692307693 0.06024096385542169
0 0.18509615384615385 0.5987951807228916 0.07692307692307693 0.0891566265060241
0 0.3545673076923077 0.6253012048192772 0.08413461538461539 0.07951807228915664