1 0.2927536231884058 0.45077220077220076 0.06666666666666667 0.08687258687258688
1 0.377536231884058 0.4565637065637066 0.04492753623188406 0.07528957528957529
1 0.7050724637681159 0.4391891891891892 0.08840579710144927 0.12934362934362933
1 0.7681159420289855 0.46332046332046334 0.04927536231884058 0.05791505791505792
1 0.9840579710144928 0.4372586872586873 0.028985507246376812 0.09845559845559845
1 0.6456521739130435 0.4256756756756757 0.06521739130434782 0.09845559845559845
1 0.5398550724637681 0.4594594594594595 0.0391304347826087 0.06177606177606178
1 0.4463768115942029 0.4642857142857143 0.06376811594202898 0.08687258687258688
1 0.4028985507246377 0.43050193050193053 0.052173913043478265 0.0888030888030888
0 0.23405797101449274 0.5926640926640927 0.05652173913043478 0.08494208494208494
0 0.36086956521739133 0.6206563706563707 0.08695652173913043 0.12162162162162163
0 0.22318840579710145 0.43243243243243246 0.043478260869565216 0.06563706563706564
0 0.09420289855072464 0.5501930501930502 0.043478260869565216 0.06177606177606178
0 0.06304347826086956 0.5308880308880309 0.02753623188405797 0.04247104247104247