0 0.156019656019656 0.24563318777292575 0.022113022113022112 0.04148471615720524
0 0.878992628992629 0.4268558951965065 0.052825552825552825 0.11135371179039301
0 0.5909090909090909 0.05240174672489083 0.0171990171990172 0.03930131004366812
0 0.5651105651105651 0.06441048034934498 0.014742014742014743 0.03275109170305677
0 0.3765356265356265 0.16703056768558952 0.01597051597051597 0.03275109170305677
0 0.4312039312039312 0.13973799126637554 0.0171990171990172 0.034934497816593885
0 0.4963144963144963 0.12445414847161572 0.012285012285012284 0.021834061135371178
0 0.46253071253071254 0.14192139737991266 0.018427518427518427 0.034934497816593885
0 0.5221130221130221 0.1277292576419214 0.014742014742014743 0.03275109170305677
0 0.535012285012285 0.10917030567685589 0.018427518427518427 0.03056768558951965
0 0.42813267813267813 0.18122270742358076 0.025798525798525797 0.03930131004366812
0 0.44840294840294836 0.18122270742358076 0.019656019656019656 0.03056768558951965
0 0.4754299754299754 0.185589519650655 0.027027027027027025 0.03056768558951965
0 0.5061425061425061 0.1779475982532751 0.022113022113022112 0.04148471615720524
0 0.5448402948402948 0.14301310043668122 0.01597051597051597 0.03275109170305677
0 0.5982800982800983 0.148471615720524 0.02457002457002457 0.034934497816593885
0 0.6382063882063882 0.11899563318777293 0.01597051597051597 0.02838427947598253
0 0.6689189189189189 0.11572052401746724 0.013513513513513513 0.026200873362445413
0 0.7346437346437347 0.148471615720524 0.0171990171990172 0.03930131004366812
0 0.7039312039312039 0.1888646288209607 0.0171990171990172 0.05021834061135371
0 0.6578624078624078 0.18668122270742357 0.02334152334152334 0.04148471615720524
0 0.6339066339066339 0.2041484716157205 0.019656019656019656 0.04148471615720524
0 0.7088452088452089 0.2281659388646288 0.019656019656019656 0.04148471615720524
0 0.7714987714987714 0.12554585152838427 0.014742014742014743 0.03275109170305677
0 0.7776412776412777 0.17358078602620086 0.0171990171990172 0.04148471615720524
0 0.7936117936117936 0.20851528384279475 0.019656019656019656 0.05021834061135371
0 0.874078624078624 0.26746724890829693 0.018427518427518427 0.04148471615720524
0 0.7954545454545454 0.16048034934497815 0.020884520884520884 0.04148471615720524
0 0.8077395577395577 0.1517467248908297 0.013513513513513513 0.037117903930131
0 0.835995085995086 0.1724890829694323 0.013513513513513513 0.03056768558951965
0 0.9047911547911548 0.18995633187772926 0.020884520884520884 0.034934497816593885
0 0.9318181818181818 0.22925764192139736 0.01597051597051597 0.034934497816593885
0 0.9207616707616707 0.1779475982532751 0.018427518427518427 0.037117903930131
0 0.941031941031941 0.1517467248908297 0.014742014742014743 0.037117903930131
0 0.9361179361179361 0.1932314410480349 0.027027027027027025 0.04148471615720524
0 0.5718673218673218 0.13973799126637554 0.01597051597051597 0.03056768558951965
0 0.4846437346437346 0.14410480349344978 0.01597051597051597 0.026200873362445413
0 0.7358722358722358 0.17358078602620086 0.012285012285012284 0.03275109170305677
0 0.6977886977886978 0.16375545851528384 0.019656019656019656 0.048034934497816595
0 0.5651105651105651 0.08842794759825327 0.0171990171990172 0.037117903930131