1 0.19951923076923078 0.4060240963855422 0.057692307692307696 0.06506024096385543
1 0.24639423076923078 0.4132530120481928 0.04567307692307693 0.050602409638554224
0 0.2932692307692308 0.4313253012048193 0.02403846153846154 0.033734939759036145
1 0.35216346153846156 0.4120481927710844 0.040865384615384616 0.05301204819277109
1 0.41105769230769235 0.43253012048192774 0.019230769230769232 0.04096385542168675
1 0.46274038461538464 0.4168674698795181 0.03125 0.05301204819277109
1 0.4951923076923077 0.4313253012048193 0.014423076923076924 0.024096385542168676
1 0.5588942307692308 0.4132530120481928 0.03605769230769231 0.050602409638554224
1 0.5973557692307693 0.4060240963855422 0.05048076923076923 0.06024096385542169
1 0.6382211538461539 0.42168674698795183 0.03125 0.03855421686746988
1 0.34855769230769235 0.027710843373493978 0.038461538461538464 0.050602409638554224
1 0.19711538461538464 0.030120481927710847 0.04807692307692308 0.06024096385542169
1 0.5961538461538461 0.033734939759036145 0.04326923076923077 0.05783132530120483
1 0.46274038461538464 0.024096385542168676 0.03125 0.04819277108433735
1 0.24399038461538464 0.02168674698795181 0.040865384615384616 0.04337349397590362
0 0.2956730769230769 0.010843373493975905 0.03365384615384616 0.02168674698795181