1 0.58006993006993 0.28983688833124216 0.05804195804195804 0.13801756587202008
1 0.7367132867132867 0.29673776662484314 0.06643356643356643 0.15432873274780426
1 0.7996503496503496 0.3444165621079046 0.04825174825174825 0.09912170639899623
1 0.8625874125874126 0.42973651191969886 0.05104895104895105 0.12170639899623588
1 0.38916083916083916 0.31367628607277287 0.1 0.19573400250941028
1 0.1867132867132867 0.3299874529485571 0.05874125874125874 0.1179422835633626
1 0.08461538461538462 0.2547051442910916 0.06153846153846154 0.12797992471769135
0 0.6461538461538462 0.25156838143036386 0.032167832167832165 0.07653701380175658
0 0.7153846153846154 0.2358845671267252 0.032167832167832165 0.06775407779171894
0 0.2486013986013986 0.2823086574654956 0.04125874125874126 0.08782936010037641
0 0.1541958041958042 0.29799247176913424 0.032867132867132866 0.0890840652446675