0 0.06785714285714285 0.5337738619676945 0.048412698412698414 0.10425844346549192
0 0.2630952380952381 0.2209985315712188 0.02142857142857143 0.03671071953010279
0 0.31587301587301586 0.20631424375917767 0.01746031746031746 0.033773861967694566
0 0.319047619047619 0.18135095447870778 0.01904761904761905 0.03964757709251101
0 0.34325396825396826 0.19897209985315711 0.018253968253968255 0.04552129221732746
0 0.3615079365079365 0.1872246696035242 0.01984126984126984 0.03671071953010279
0 0.373015873015873 0.16886930983847281 0.015873015873015872 0.035242290748898675
0 0.4162698412698413 0.15785609397944197 0.018253968253968255 0.042584434654919234
0 0.4027777777777778 0.2055800293685756 0.016666666666666666 0.0381791483113069
0 0.37023809523809526 0.2342143906020558 0.02619047619047619 0.04845814977973568
0 0.44126984126984126 0.2657856093979442 0.023809523809523808 0.04698972099853157
0 0.4357142857142857 0.17547723935389134 0.01904761904761905 0.042584434654919234
0 0.4591269841269841 0.14831130690161526 0.018253968253968255 0.032305433186490456
0 0.47579365079365077 0.12922173274596183 0.01507936507936508 0.026431718061674006
0 0.48253968253968255 0.14464023494860498 0.01746031746031746 0.033773861967694566
0 0.5031746031746032 0.13069016152716592 0.014285714285714285 0.026431718061674006
0 0.5 0.18135095447870778 0.01746031746031746 0.03671071953010279
0 0.4801587301587302 0.20337738619676946 0.01904761904761905 0.03964757709251101
0 0.5329365079365079 0.1908957415565345 0.018253968253968255 0.035242290748898675
0 0.5369047619047619 0.13876651982378854 0.01984126984126984 0.03671071953010279
0 0.5595238095238095 0.13876651982378854 0.015873015873015872 0.033773861967694566
0 0.5615079365079365 0.11233480176211454 0.016666666666666666 0.03083700440528634
0 0.580952380952381 0.12187958883994125 0.01904761904761905 0.032305433186490456
0 0.5996031746031746 0.11160058737151247 0.016666666666666666 0.02936857562408223
0 0.6115079365079366 0.1527165932452276 0.011904761904761904 0.032305433186490456
0 0.5968253968253968 0.17033773861967694 0.015873015873015872 0.035242290748898675
0 0.6206349206349207 0.16960352422907488 0.015873015873015872 0.03671071953010279
0 0.6202380952380953 0.1343612334801762 0.01984126984126984 0.033773861967694566
0 0.6361111111111111 0.10719530102790015 0.01507936507936508 0.0381791483113069
0 0.6527777777777778 0.11674008810572686 0.011904761904761904 0.033773861967694566
0 0.653968253968254 0.16005873715124816 0.012698412698412698 0.032305433186490456
0 0.6555555555555556 0.22026431718061673 0.01904761904761905 0.05286343612334801
0 0.6154761904761905 0.2488986784140969 0.02619047619047619 0.042584434654919234
0 0.567063492063492 0.303230543318649 0.023015873015873017 0.06020558002936857
0 0.6075396825396825 0.3230543318649045 0.024603174603174603 0.05580029368575624
0 0.6626984126984127 0.34948604992657856 0.026984126984126985 0.05580029368575624
0 0.6718253968253968 0.1196769456681351 0.013492063492063493 0.033773861967694566
0 0.6865079365079365 0.1343612334801762 0.01746031746031746 0.033773861967694566
0 0.7178571428571429 0.1328928046989721 0.01507936507936508 0.03671071953010279
0 0.7150793650793651 0.18355359765051393 0.01746031746031746 0.032305433186490456
0 0.7170634920634921 0.23348017621145373 0.018253968253968255 0.05286343612334801
0 0.7412698412698413 0.17327459618208516 0.01904761904761905 0.0381791483113069
0 0.7615079365079365 0.16960352422907488 0.016666666666666666 0.03671071953010279
0 0.7813492063492063 0.1475770925110132 0.01507936507936508 0.03083700440528634
0 0.780952380952381 0.17988252569750365 0.015873015873015872 0.03964757709251101
0 0.746031746031746 0.2055800293685756 0.020634920634920634 0.04405286343612334
0 0.7670634920634921 0.24522760646108663 0.018253968253968255 0.04405286343612334
0 0.723015873015873 0.3619676945668135 0.026984126984126985 0.06314243759177679
0 0.8091269841269841 0.16960352422907488 0.018253968253968255 0.03671071953010279
0 0.832936507936508 0.1872246696035242 0.01507936507936508 0.03671071953010279
0 0.8162698412698413 0.20631424375917767 0.016666666666666666 0.042584434654919234
0 0.8 0.2224669603524229 0.01904761904761905 0.04845814977973568
0 0.8178571428571428 0.2606461086637298 0.02142857142857143 0.05433186490455213
0 0.8011904761904762 0.39574155653450804 0.027777777777777776 0.07488986784140969
0 0.8559523809523809 0.4552129221732746 0.027777777777777776 0.07048458149779735
0 0.8666666666666667 0.31497797356828194 0.020634920634920634 0.0513950073421439
0 0.8924603174603175 0.35903083700440525 0.023015873015873017 0.06020558002936857
0 0.8738095238095238 0.19823788546255505 0.014285714285714285 0.0381791483113069
0 0.8690476190476191 0.21365638766519823 0.015873015873015872 0.03671071953010279
0 0.890079365079365 0.2488986784140969 0.016666666666666666 0.04552129221732746
0 0.9067460317460317 0.21292217327459617 0.013492063492063493 0.035242290748898675
0 0.9095238095238095 0.19530102790014683 0.015873015873015872 0.0381791483113069
0 0.9456349206349206 0.2041116005873715 0.013492063492063493 0.035242290748898675
0 0.9369047619047619 0.23127753303964757 0.01507936507936508 0.03671071953010279
0 0.9234126984126985 0.2951541850220264 0.018253968253968255 0.05580029368575624
0 0.9444444444444444 0.33259911894273125 0.020634920634920634 0.06020558002936857
0 0.9797619047619047 0.223935389133627 0.011904761904761904 0.02790014684287812
0 0.9757936507936508 0.2555066079295154 0.011904761904761904 0.035242290748898675
0 0.9765873015873016 0.28120411160058734 0.013492063492063493 0.03671071953010279
0 0.9785714285714285 0.31791483113069013 0.014285714285714285 0.04552129221732746
0 0.9535714285714286 0.40602055800293685 0.01984126984126984 0.06314243759177679