1 0.06009615384615385 0.4 0.04807692307692308 0.05783132530120483
1 0.12620192307692307 0.4240963855421687 0.05528846153846154 0.07710843373493977
1 0.21875 0.4012048192771085 0.04326923076923077 0.045783132530120486
1 0.29086538461538464 0.4060240963855422 0.05288461538461539 0.06506024096385543
1 0.4134615384615385 0.4012048192771085 0.04807692307692308 0.06987951807228916
1 0.46995192307692313 0.3939759036144579 0.05048076923076923 0.055421686746987955
1 0.514423076923077 0.3975903614457832 0.019230769230769232 0.024096385542168676
1 0.5697115384615385 0.3759036144578314 0.05288461538461539 0.07228915662650603
1 0.6526442307692308 0.4168674698795181 0.040865384615384616 0.05783132530120483
1 0.6959134615384616 0.4132530120481928 0.05528846153846154 0.0746987951807229
1 0.7584134615384616 0.4132530120481928 0.040865384615384616 0.045783132530120486
1 0.8088942307692308 0.3987951807228916 0.04567307692307693 0.0746987951807229
1 0.8846153846153847 0.3951807228915663 0.09615384615384616 0.13493975903614458
0 0.9555288461538463 0.4060240963855422 0.040865384615384616 0.055421686746987955
1 0.06009615384615385 0.024096385542168676 0.04326923076923077 0.04819277108433735
1 0.22115384615384617 0.020481927710843374 0.04326923076923077 0.04096385542168675
1 0.5697115384615385 0.03614457831325302 0.05288461538461539 0.07228915662650603