0 0.12539021852237253 0.36203703703703705 0.04058272632674298 0.08703703703703704
0 0.27679500520291367 0.2175925925925926 0.020811654526534863 0.031481481481481485
0 0.30853277835587933 0.22592592592592595 0.017689906347554633 0.037037037037037035
0 0.3366285119667014 0.17962962962962964 0.015608740894901146 0.03333333333333333
0 0.3329864724245578 0.23425925925925928 0.018730489073881376 0.03518518518518519
0 0.36680541103017694 0.18611111111111112 0.01352757544224766 0.03518518518518519
0 0.37513007284079086 0.15833333333333333 0.01352757544224766 0.02777777777777778
0 0.37200832466181066 0.22870370370370371 0.01977107180020812 0.03888888888888889
0 0.40114464099895947 0.1962962962962963 0.017689906347554633 0.03333333333333333
0 0.4183142559833507 0.19907407407407407 0.020811654526534863 0.03518518518518519
0 0.4006243496357961 0.23333333333333334 0.01664932362122789 0.03333333333333333
0 0.4203954214360042 0.24629629629629632 0.020811654526534863 0.037037037037037035
0 0.44484911550468265 0.20092592592592592 0.02393340270551509 0.03888888888888889
0 0.41415192507804377 0.16296296296296298 0.01664932362122789 0.02962962962962963
0 0.44172736732570245 0.16203703703703703 0.015608740894901146 0.031481481481481485
0 0.4812695109261187 0.18425925925925926 0.021852237252861603 0.03518518518518519
0 0.485952133194589 0.14444444444444446 0.012486992715920917 0.02962962962962963
0 0.5015608740894901 0.1175925925925926 0.010405827263267432 0.024074074074074074
0 0.5213319458896983 0.13148148148148148 0.014568158168574402 0.018518518518518517
0 0.5509885535900104 0.125 0.01352757544224766 0.020370370370370372
0 0.5124869927159209 0.15092592592592594 0.015608740894901146 0.02777777777777778
0 0.5202913631633715 0.1787037037037037 0.018730489073881376 0.03518518518518519
0 0.5426638917793966 0.1564814814814815 0.015608740894901146 0.03518518518518519
0 0.5634755463059313 0.15462962962962964 0.017689906347554633 0.03888888888888889
0 0.5561914672216441 0.1824074074074074 0.015608740894901146 0.031481481481481485
0 0.5900104058272633 0.15833333333333333 0.01664932362122789 0.03518518518518519
0 0.6050988553590011 0.14444444444444446 0.017689906347554633 0.02962962962962963
0 0.5998959417273674 0.11574074074074074 0.015608740894901146 0.02777777777777778
0 0.631633714880333 0.11111111111111112 0.014568158168574402 0.022222222222222223
0 0.6472424557752342 0.10370370370370371 0.012486992715920917 0.02592592592592593
0 0.6337148803329865 0.14907407407407408 0.014568158168574402 0.02777777777777778
0 0.6576482830385016 0.14814814814814814 0.014568158168574402 0.02592592592592593
0 0.6867845993756504 0.10462962962962963 0.012486992715920917 0.024074074074074074
0 0.6940686784599376 0.12222222222222223 0.01664932362122789 0.02592592592592593
0 0.712799167533819 0.10740740740740741 0.012486992715920917 0.02592592592592593
0 0.6191467221644121 0.20740740740740743 0.020811654526534863 0.040740740740740744
0 0.5697190426638918 0.24166666666666667 0.02393340270551509 0.05
0 0.6425598335067638 0.23981481481481481 0.021852237252861603 0.053703703703703705
0 0.6716961498439127 0.21574074074074076 0.026014568158168577 0.05
0 0.6675338189386056 0.17777777777777778 0.017689906347554633 0.040740740740740744
0 0.7122788761706557 0.17962962962962964 0.017689906347554633 0.037037037037037035
0 0.7294484911550468 0.14444444444444446 0.014568158168574402 0.037037037037037035
0 0.7513007284079085 0.12962962962962962 0.014568158168574402 0.02962962962962963
0 0.7767950052029137 0.13148148148148148 0.01352757544224766 0.022222222222222223
0 0.799687825182102 0.14166666666666666 0.01352757544224766 0.02777777777777778
0 0.8215400624349637 0.13055555555555556 0.01352757544224766 0.02777777777777778
0 0.8782518210197712 0.11111111111111112 0.01664932362122789 0.03333333333333333
0 0.9297606659729449 0.10925925925925926 0.017689906347554633 0.03333333333333333
0 0.9063475546305932 0.1712962962962963 0.014568158168574402 0.031481481481481485
0 0.9391259105098856 0.16574074074074074 0.011446409989594173 0.024074074074074074
0 0.9490114464099897 0.1824074074074074 0.01664932362122789 0.024074074074074074
0 0.8959417273673258 0.18611111111111112 0.01664932362122789 0.031481481481481485
0 0.8746097814776276 0.18796296296296297 0.017689906347554633 0.03518518518518519
0 0.8605619146722165 0.13796296296296298 0.012486992715920917 0.020370370370370372
0 0.8454734651404787 0.14814814814814814 0.021852237252861603 0.02592592592592593
0 0.8288241415192509 0.17592592592592593 0.017689906347554633 0.03333333333333333
0 0.7934443288241416 0.1675925925925926 0.017689906347554633 0.024074074074074074
0 0.8111342351716962 0.18981481481481483 0.021852237252861603 0.03518518518518519
0 0.7934443288241416 0.20833333333333334 0.021852237252861603 0.04259259259259259
0 0.7559833506763789 0.19444444444444445 0.015608740894901146 0.037037037037037035
0 0.7388137356919876 0.17962962962962964 0.01664932362122789 0.03333333333333333
0 0.7388137356919876 0.23981481481481481 0.018730489073881376 0.03888888888888889
0 0.7669094693028097 0.24444444444444446 0.020811654526534863 0.037037037037037035
0 0.6961498439125912 0.2564814814814815 0.02705515088449532 0.05
0 0.7008324661810614 0.3175925925925926 0.036420395421436005 0.06851851851851852
0 0.753381893860562 0.3648148148148148 0.03329864724245578 0.05185185185185186
0 0.7934443288241416 0.30092592592592593 0.026014568158168577 0.0462962962962963
0 0.8340270551508846 0.24351851851851852 0.01977107180020812 0.0462962962962963
0 0.8439125910509886 0.21944444444444444 0.014568158168574402 0.03518518518518519
0 0.9313215400624351 0.3472222222222222 0.024973985431841834 0.05740740740740741
0 0.9386056191467222 0.25925925925925924 0.014568158168574402 0.037037037037037035
0 0.9292403746097816 0.21574074074074076 0.018730489073881376 0.03888888888888889
0 0.8980228928199793 0.2425925925925926 0.018730489073881376 0.04814814814814815
0 0.9042663891779398 0.21203703703703705 0.01664932362122789 0.03518518518518519