0 0.08555729984301413 0.5576102418207681 0.05023547880690738 0.10810810810810811
0 0.21467817896389327 0.35135135135135137 0.016483516483516484 0.02844950213371266
0 0.2543171114599686 0.3485064011379801 0.017268445839874413 0.04551920341394026
0 0.2798273155416013 0.3691322901849218 0.02119309262166405 0.044096728307254626
0 0.31083202511773944 0.3961593172119488 0.02511773940345369 0.04694167852062589
0 0.2837519623233909 0.3079658605974396 0.016483516483516484 0.03271692745376956
0 0.34890109890109894 0.32930298719772405 0.016483516483516484 0.029871977240398296
0 0.34968602825745687 0.2980085348506401 0.01805337519623234 0.03271692745376956
0 0.4003139717425432 0.3399715504978663 0.01883830455259027 0.03982930298719772
0 0.3987441130298273 0.29871977240398295 0.015698587127158558 0.031294452347083924
0 0.39560439560439564 0.24537695590327172 0.012558869701726845 0.029871977240398296
0 0.41248037676609106 0.2624466571834993 0.013343799058084773 0.029871977240398296
0 0.4179748822605966 0.2503556187766714 0.013343799058084773 0.025604551920341397
0 0.4383830455259027 0.2652916073968706 0.013343799058084773 0.03271692745376956
0 0.4281789638932496 0.30298719772403987 0.01805337519623234 0.03698435277382646
0 0.4344583987441131 0.32930298719772405 0.019623233908948195 0.03840682788051209
0 0.46271585557299844 0.30654338549075394 0.016483516483516484 0.03556187766714083
0 0.45722135007849296 0.27596017069701284 0.014913657770800628 0.02844950213371266
0 0.4427001569858713 0.24751066856330015 0.0141287284144427 0.025604551920341397
0 0.4556514913657771 0.23826458036984355 0.013343799058084773 0.02702702702702703
0 0.47998430141287285 0.2695590327169275 0.014913657770800628 0.03556187766714083
0 0.49332810047095765 0.2574679943100996 0.013343799058084773 0.02844950213371266
0 0.500784929356358 0.24395448079658608 0.012558869701726845 0.029871977240398296
0 0.5208006279434851 0.2539118065433855 0.014913657770800628 0.03556187766714083
0 0.5035321821036107 0.29871977240398295 0.014913657770800628 0.03698435277382646
0 0.49293563579277866 0.32930298719772405 0.020408163265306124 0.044096728307254626
0 0.4446624803767661 0.4160739687055477 0.027472527472527476 0.061166429587482224
0 0.5160910518053375 0.4182076813655761 0.027472527472527476 0.05974395448079659
0 0.5247252747252747 0.3698435277382646 0.019623233908948195 0.05405405405405406
0 0.5902668759811617 0.42460881934566147 0.026687598116169546 0.061166429587482224
0 0.5572998430141287 0.27596017069701284 0.017268445839874413 0.034139402560455195
0 0.554552590266876 0.2361308677098151 0.013343799058084773 0.025604551920341397
0 0.5506279434850864 0.22190611664295876 0.011773940345368918 0.02275960170697013
0 0.5584772370486657 0.20341394025604553 0.011773940345368918 0.025604551920341397
0 0.5604395604395604 0.2546230440967283 0.0141287284144427 0.031294452347083924
0 0.5726059654631084 0.25106685633001424 0.013343799058084773 0.029871977240398296
0 0.5839874411302983 0.23257467994310102 0.0141287284144427 0.02702702702702703
0 0.5941915227629514 0.20981507823613088 0.012558869701726845 0.02702702702702703
0 0.6098901098901099 0.21266002844950213 0.012558869701726845 0.02702702702702703
0 0.6087127158555731 0.23115220483641538 0.013343799058084773 0.029871977240398296
0 0.6185243328100472 0.25604551920341395 0.012558869701726845 0.034139402560455195
0 0.6157770800627944 0.2923186344238976 0.016483516483516484 0.044096728307254626
0 0.5832025117739403 0.32503556187766713 0.023547880690737835 0.04125177809388336
0 0.6283359497645212 0.33357041251778097 0.019623233908948195 0.044096728307254626
0 0.6393249607535322 0.22190611664295876 0.010204081632653062 0.02275960170697013
0 0.6499215070643642 0.23257467994310102 0.012558869701726845 0.029871977240398296
0 0.6664050235478808 0.22688477951635846 0.0141287284144427 0.029871977240398296
0 0.652668759811617 0.2652916073968706 0.016483516483516484 0.03271692745376956
0 0.6864207221350079 0.2524893314366999 0.014913657770800628 0.03271692745376956
0 0.6648351648351649 0.32930298719772405 0.020408163265306124 0.044096728307254626
0 0.6640502354788069 0.35988620199146515 0.017268445839874413 0.042674253200568994
0 0.6342229199372057 0.38975817923186346 0.02511773940345369 0.04836415362731152
0 0.6432496075353219 0.4345661450924609 0.02590266875981162 0.06401137980085349
0 0.7123233908948196 0.395448079658606 0.022762951334379906 0.05120910384068279
0 0.7005494505494506 0.28662873399715505 0.014913657770800628 0.03556187766714083
0 0.708006279434851 0.28093883357041255 0.012558869701726845 0.029871977240398296
0 0.7131083202511774 0.2496443812233286 0.013343799058084773 0.03271692745376956
0 0.7240973312401884 0.23115220483641538 0.013343799058084773 0.029871977240398296
0 0.7535321821036107 0.24182076813655762 0.0141287284144427 0.025604551920341397
0 0.7496075353218211 0.267425320056899 0.0141287284144427 0.03982930298719772
0 0.7386185243328101 0.27880512091038406 0.0141287284144427 0.03982930298719772
0 0.7802197802197802 0.24537695590327172 0.012558869701726845 0.029871977240398296
0 0.8112244897959184 0.2581792318634424 0.011773940345368918 0.03271692745376956
0 0.8390894819466248 0.2546230440967283 0.012558869701726845 0.031294452347083924
0 0.903061224489796 0.2724039829302987 0.011773940345368918 0.03271692745376956
0 0.8642072213500785 0.2852062588904694 0.012558869701726845 0.03556187766714083
0 0.9018838304552591 0.3108108108108108 0.012558869701726845 0.03556187766714083
0 0.8944270015698588 0.33712660028449504 0.013343799058084773 0.042674253200568994
0 0.8928571428571429 0.36201991465149364 0.014913657770800628 0.044096728307254626
0 0.8661695447409734 0.33712660028449504 0.014913657770800628 0.042674253200568994
0 0.8300627943485087 0.27809388335704127 0.013343799058084773 0.04125177809388336
0 0.8229984301412874 0.3150782361308677 0.014913657770800628 0.03840682788051209
0 0.8390894819466248 0.33926031294452347 0.017268445839874413 0.04694167852062589
0 0.8791208791208792 0.3961593172119488 0.020408163265306124 0.049786628733997154
0 0.8751962323390895 0.4509246088193457 0.026687598116169546 0.05974395448079659
0 0.8351648351648352 0.4089615931721195 0.023547880690737835 0.05547652916073969
0 0.7857142857142858 0.30298719772403987 0.0141287284144427 0.03698435277382646
0 0.7853218210361068 0.2745376955903272 0.013343799058084773 0.034139402560455195
0 0.7998430141287285 0.3399715504978663 0.017268445839874413 0.04551920341394026
0 0.783359497645212 0.3563300142247511 0.020408163265306124 0.052631578947368425
0 0.815149136577708 0.43527738264580373 0.02433281004709576 0.05689900426742532
0 0.7574568288854003 0.4295874822190612 0.029827315541601257 0.05120910384068279
0 0.7892464678178964 0.519203413940256 0.030612244897959186 0.06827880512091039
0 0.685243328100471 0.504267425320057 0.03453689167974883 0.08392603129445235