1 0.7516666666666666 0.4557121288374434 0.046 0.07800704579768496
1 0.7848333333333333 0.4879214896829391 0.011666666666666665 0.028686462003019626
1 0.8165 0.4851534977352793 0.009 0.017111222949169603
1 0.8618333333333333 0.48817312531454454 0.009666666666666667 0.015098137896326119
1 0.6498333333333333 0.46930045294413686 0.04766666666666666 0.08706592853548062
1 0.5688333333333333 0.4823855057876195 0.045 0.0840463009562154
1 0.5221666666666667 0.4632611977856064 0.036333333333333336 0.06190236537493709
1 0.411 0.4567186713638651 0.043333333333333335 0.058882737795671866
1 0.5335 0.33945646703573223 0.005 0.009562154001006542
1 0.4746666666666666 0.3779567186713639 0.004666666666666666 0.009058882737795673
1 0.302 0.45772521389028686 0.041999999999999996 0.06391545042778057
1 0.23099999999999998 0.3862606945143432 0.004 0.006542526421741319
1 0.22649999999999998 0.38298943130347257 0.0036666666666666666 0.007045797684952189
1 0.21933333333333332 0.3812279818822345 0.004666666666666666 0.006542526421741319
1 0.968 0.5910920986411676 0.029333333333333333 0.0548565676899849