1 0.34600000000000003 0.21107784431137727 0.06 0.1347305389221557
1 0.389 0.27395209580838326 0.054 0.09880239520958084
1 0.316 0.24251497005988026 0.032 0.08982035928143713
1 0.20800000000000002 0.27694610778443113 0.036000000000000004 0.0688622754491018
1 0.183 0.2380239520958084 0.026000000000000002 0.062874251497006
1 0.155 0.26047904191616766 0.026000000000000002 0.04790419161676647
1 0.077 0.22604790419161677 0.03 0.05089820359281438
1 0.779 0.2440119760479042 0.07 0.1347305389221557
1 0.925 0.27994011976047906 0.026000000000000002 0.038922155688622756
0 0.625 0.26197604790419166 0.066 0.12275449101796408
0 0.868 0.26796407185628746 0.024 0.03293413173652695
0 0.057 0.27994011976047906 0.034 0.05089820359281438