0 0.2470076169749728 0.16504854368932037 0.015233949945593036 0.03495145631067961
0 0.30794341675734493 0.23009708737864076 0.01958650707290533 0.036893203883495145
0 0.4085963003264418 0.2087378640776699 0.020674646354733407 0.036893203883495145
0 0.42219804134929273 0.25145631067961166 0.02176278563656148 0.04466019417475728
0 0.44450489662676823 0.1815533980582524 0.018498367791077257 0.040776699029126215
0 0.45756256800870515 0.14466019417475728 0.018498367791077257 0.033009708737864074
0 0.4815016322089228 0.17669902912621357 0.018498367791077257 0.038834951456310676
0 0.4434167573449402 0.23398058252427184 0.018498367791077257 0.036893203883495145
0 0.5457018498367792 0.1699029126213592 0.01632208922742111 0.036893203883495145
0 0.5603917301414582 0.18349514563106795 0.01958650707290533 0.040776699029126215
0 0.6311207834602829 0.12135922330097088 0.017410228509249184 0.033009708737864074
0 0.6278563656147987 0.21844660194174756 0.02393906420021763 0.05242718446601941
0 0.6697497279651795 0.21941747572815534 0.020674646354733407 0.05048543689320388
0 0.6724700761697497 0.1679611650485437 0.02176278563656148 0.04466019417475728
0 0.735582154515778 0.21844660194174756 0.02176278563656148 0.05242718446601941
0 0.6240478781284005 0.316504854368932 0.031556039173014146 0.07378640776699029
0 0.6365614798694234 0.26796116504854367 0.02393906420021763 0.058252427184466014
0 0.6643090315560392 0.2961165048543689 0.029379760609358 0.05631067961165048
0 0.6887921653971708 0.3194174757281553 0.03264417845484222 0.07961165048543689
0 0.8280739934711643 0.25145631067961166 0.026115342763873776 0.05242718446601941
0 0.8705114254624592 0.26310679611650484 0.026115342763873776 0.05631067961165048
0 0.9325353645266594 0.24563106796116504 0.02176278563656148 0.04854368932038835