0 0.06129807692307693 0.3557692307692308 0.06009615384615385 0.07211538461538462
0 0.18028846153846154 0.31490384615384615 0.057692307692307696 0.06730769230769232
0 0.22235576923076925 0.265625 0.04567307692307693 0.06490384615384616
0 0.30168269230769235 0.3245192307692308 0.05528846153846154 0.07211538461538462
0 0.3617788461538462 0.30168269230769235 0.040865384615384616 0.06971153846153846
0 0.42668269230769235 0.25961538461538464 0.04567307692307693 0.057692307692307696
0 0.4987980769230769 0.2824519230769231 0.04567307692307693 0.06971153846153846
0 0.4723557692307693 0.3317307692307693 0.05048076923076923 0.06730769230769232
0 0.5408653846153847 0.23918269230769232 0.019230769230769232 0.026442307692307696
0 0.5817307692307693 0.2295673076923077 0.019230769230769232 0.021634615384615384
0 0.6105769230769231 0.2824519230769231 0.05288461538461539 0.07451923076923077
0 0.6622596153846154 0.28365384615384615 0.04567307692307693 0.0625
0 0.7620192307692308 0.23076923076923078 0.038461538461538464 0.04326923076923077
0 0.8365384615384616 0.25480769230769235 0.04326923076923077 0.0625
0 0.7584134615384616 0.29086538461538464 0.06009615384615385 0.08173076923076923
0 0.8353365384615385 0.31490384615384615 0.05048076923076923 0.057692307692307696
0 0.8052884615384616 0.38461538461538464 0.05288461538461539 0.057692307692307696
0 0.9375 0.3557692307692308 0.04807692307692308 0.08653846153846154
0 0.7608173076923077 0.02764423076923077 0.040865384615384616 0.05528846153846154