0 0.06592877767083735 0.4006677796327212 0.029836381135707413 0.06010016694490818
0 0.287776708373436 0.2370617696160267 0.015399422521655439 0.03005008347245409
0 0.29403272377285855 0.2662771285475793 0.016361886429258905 0.028380634390651086
0 0.3084696823869105 0.2646076794657763 0.018286814244465835 0.038397328881469114
0 0.34023099133782486 0.2612687813021703 0.018286814244465835 0.038397328881469114
0 0.36429258902791145 0.2579298831385643 0.020211742059672765 0.041736227045075125
0 0.4013474494706449 0.2612687813021703 0.0192492781520693 0.041736227045075125
0 0.41578440808469685 0.27128547579298834 0.026948989412897018 0.05175292153589316
0 0.3392685274302214 0.21786310517529217 0.016361886429258905 0.028380634390651086
0 0.36284889316650626 0.21202003338898165 0.015399422521655439 0.0333889816360601
0 0.3691049085659288 0.2270450751252087 0.016361886429258905 0.0333889816360601
0 0.40856592877767084 0.21619365609348914 0.014436958614051974 0.035058430717863104
0 0.4667949951876805 0.2270450751252087 0.0192492781520693 0.04006677796327212
0 0.4850818094321463 0.2337228714524207 0.02117420596727623 0.04340567612687813
0 0.39749759384023103 0.1903171953255426 0.013474494706448509 0.0333889816360601
0 0.40230991337824834 0.18864774624373956 0.013474494706448509 0.02671118530884808
0 0.4282964388835419 0.18697829716193656 0.013474494706448509 0.02671118530884808
0 0.4653512993262753 0.19365609348914858 0.014436958614051974 0.03672787979966611
0 0.4951876804619827 0.1969949916527546 0.014436958614051974 0.04006677796327212
0 0.48315688161693937 0.1652754590984975 0.013474494706448509 0.0333889816360601
0 0.47690086621751687 0.14607679465776294 0.012512030798845044 0.025041736227045076
0 0.4985563041385948 0.13522537562604342 0.01154956689124158 0.02671118530884808
0 0.5062560153994226 0.164440734557596 0.015399422521655439 0.028380634390651086
0 0.528873917228104 0.1903171953255426 0.016361886429258905 0.04006677796327212
0 0.5447545717035611 0.2003338898163606 0.0192492781520693 0.04006677796327212
0 0.5336862367661213 0.17111853088480802 0.016361886429258905 0.025041736227045076
0 0.5765158806544755 0.15275459098497496 0.01732435033686237 0.025041736227045076
0 0.5846968238691049 0.167779632721202 0.016361886429258905 0.035058430717863104
0 0.5832531280076998 0.12270450751252088 0.013474494706448509 0.028380634390651086
0 0.6068334937439847 0.12520868113522537 0.012512030798845044 0.02671118530884808
0 0.6135707410972089 0.14607679465776294 0.014436958614051974 0.035058430717863104
0 0.6265640038498557 0.1335559265442404 0.013474494706448509 0.02671118530884808
0 0.6381135707410972 0.14524207011686144 0.01154956689124158 0.03005008347245409
0 0.6424446583253128 0.12353923205342238 0.010587102983638115 0.02671118530884808
0 0.6641000962463908 0.1327212020033389 0.013474494706448509 0.035058430717863104
0 0.6674687199230029 0.12186978297161936 0.012512030798845044 0.03005008347245409
0 0.7035611164581329 0.12353923205342238 0.013474494706448509 0.02671118530884808
0 0.7497593840230992 0.12103505843071787 0.013474494706448509 0.028380634390651086
0 0.773339749759384 0.13772954924874792 0.012512030798845044 0.03171953255425709
0 0.7887391722810395 0.1302170283806344 0.012512030798845044 0.03005008347245409
0 0.796920115495669 0.14858096828046746 0.013474494706448509 0.0333889816360601
0 0.8358999037536092 0.1302170283806344 0.010587102983638115 0.02671118530884808
0 0.865255052935515 0.14023372287145242 0.015399422521655439 0.0333889816360601
0 0.884985563041386 0.15943238731218698 0.014436958614051974 0.03171953255425709
0 0.9071222329162657 0.164440734557596 0.012512030798845044 0.038397328881469114
0 0.9153031761308952 0.16110183639398998 0.01154956689124158 0.03171953255425709
0 0.9345524542829644 0.21619365609348914 0.01732435033686237 0.041736227045075125
0 0.9523580365736285 0.24624373956594325 0.018286814244465835 0.045075125208681135
0 0.9615014436958614 0.2846410684474124 0.02502406159769009 0.05509181969949917
0 0.8691049085659288 0.17779632721202004 0.01732435033686237 0.035058430717863104
0 0.8902791145332051 0.2370617696160267 0.02502406159769009 0.05342237061769616
0 0.8185755534167469 0.17278797996661102 0.018286814244465835 0.035058430717863104
0 0.8431183830606352 0.20868113522537562 0.02117420596727623 0.04340567612687813
0 0.714148219441771 0.15275459098497496 0.013474494706448509 0.03171953255425709
0 0.7281039461020212 0.14941569282136896 0.014436958614051974 0.03171953255425709
0 0.7401347449470645 0.17028380634390652 0.015399422521655439 0.0333889816360601
0 0.7844080846968239 0.1636060100166945 0.013474494706448509 0.03005008347245409
0 0.7661212704523581 0.18781302170283806 0.01732435033686237 0.045075125208681135
0 0.7271414821944178 0.18781302170283806 0.016361886429258905 0.038397328881469114
0 0.6674687199230029 0.18530884808013356 0.018286814244465835 0.04006677796327212
0 0.6641000962463908 0.21368948247078465 0.02309913378248316 0.04340567612687813
0 0.629451395572666 0.1978297161936561 0.0192492781520693 0.038397328881469114
0 0.6000962463907604 0.22036727879799667 0.022136669874879694 0.05008347245409015
0 0.6424446583253128 0.24123539232053423 0.024061597690086624 0.05175292153589316
0 0.6010587102983639 0.2879799666110184 0.025986525505293553 0.05509181969949917
0 0.5182868142444659 0.3021702838063439 0.025986525505293553 0.05008347245409015
0 0.6424446583253128 0.31552587646076796 0.03176130895091434 0.06010016694490818
0 0.687199230028874 0.2654424040066778 0.02117420596727623 0.05342237061769616
0 0.7083734359961502 0.2570951585976628 0.02117420596727623 0.04674457429048414
0 0.7401347449470645 0.29632721202003337 0.02502406159769009 0.05509181969949917
0 0.7848893166506257 0.2320534223706177 0.022136669874879694 0.05342237061769616
0 0.7949951876804621 0.20701168614357263 0.0192492781520693 0.04674457429048414
0 0.8796920115495669 0.31218697829716197 0.026948989412897018 0.05342237061769616
0 0.7872954764196343 0.3021702838063439 0.02502406159769009 0.06010016694490818