1 0.7884615384615385 0.453125 0.028846153846153848 0.04567307692307693
0 0.7620192307692308 0.4951923076923077 0.04326923076923077 0.038461538461538464
1 0.7127403846153847 0.4567307692307693 0.03125 0.04807692307692308
0 0.6646634615384616 0.46875 0.03605769230769231 0.04326923076923077
1 0.5913461538461539 0.4399038461538462 0.028846153846153848 0.038461538461538464
0 0.5600961538461539 0.46995192307692313 0.03365384615384616 0.04567307692307693
0 0.5324519230769231 0.4483173076923077 0.03605769230769231 0.040865384615384616
0 0.5012019230769231 0.44591346153846156 0.026442307692307696 0.03125
0 0.42307692307692313 0.46274038461538464 0.04326923076923077 0.05528846153846154
1 0.31490384615384615 0.453125 0.038461538461538464 0.04567307692307693
0 0.8822115384615385 0.4639423076923077 0.019230769230769232 0.02403846153846154
0 0.9567307692307693 0.4675480769230769 0.02403846153846154 0.026442307692307696
1 0.21875 0.4495192307692308 0.04326923076923077 0.04807692307692308
0 0.2920673076923077 0.4723557692307693 0.03125 0.05048076923076923
0 0.265625 0.47716346153846156 0.06490384615384616 0.06009615384615385