1 0.4230769230769231 0.3934262948207171 0.03692307692307692 0.06573705179282868
1 0.47384615384615386 0.40139442231075695 0.033846153846153845 0.05776892430278884
1 0.4776923076923077 0.2729083665338645 0.023076923076923078 0.03187250996015936
1 0.27076923076923076 0.4153386454183267 0.04 0.061752988047808766
1 0.18923076923076923 0.40039840637450197 0.046153846153846156 0.06374501992031872
1 0.04923076923076923 0.349601593625498 0.033846153846153845 0.049800796812749
1 0.09538461538461539 0.38745019920318724 0.046153846153846156 0.061752988047808766
1 0.24461538461538462 0.351593625498008 0.03692307692307692 0.045816733067729085
1 0.28923076923076924 0.3595617529880478 0.03076923076923077 0.049800796812749
1 0.38846153846153847 0.3336653386454183 0.023076923076923078 0.029880478087649404
1 0.3423076923076923 0.32171314741035856 0.026153846153846153 0.037848605577689244
1 0.3153846153846154 0.3595617529880478 0.027692307692307693 0.049800796812749
1 0.4053846153846154 0.25199203187250996 0.026153846153846153 0.02589641434262948