0 0.17060810810810811 0.4604885057471264 0.045608108108108114 0.08189655172413793
0 0.2352195945945946 0.33764367816091956 0.0160472972972973 0.031609195402298854
0 0.2677364864864865 0.33979885057471265 0.02195945945945946 0.03879310344827586
0 0.29222972972972977 0.3081896551724138 0.018581081081081082 0.035919540229885055
0 0.2989864864864865 0.36135057471264365 0.018581081081081082 0.041666666666666664
0 0.3475506756756757 0.3620689655172414 0.024493243243243243 0.040229885057471264
0 0.36697635135135137 0.3239942528735632 0.0160472972972973 0.033045977011494254
0 0.3657094594594595 0.28951149425287354 0.018581081081081082 0.033045977011494254
0 0.40582770270270274 0.2535919540229885 0.0160472972972973 0.027298850574712645
0 0.41680743243243246 0.2672413793103448 0.0160472972972973 0.028735632183908046
0 0.43538851351351354 0.2564655172413793 0.014358108108108109 0.021551724137931036
0 0.44594594594594594 0.26221264367816094 0.011824324324324325 0.027298850574712645
0 0.41807432432432434 0.29669540229885055 0.015202702702702704 0.027298850574712645
0 0.3940033783783784 0.3354885057471264 0.017736486486486486 0.033045977011494254
0 0.41680743243243246 0.3290229885057471 0.021114864864864864 0.034482758620689655
0 0.44679054054054057 0.30244252873563215 0.018581081081081082 0.030172413793103446
0 0.453125 0.3333333333333333 0.022804054054054057 0.037356321839080456
0 0.4831081081081081 0.29885057471264365 0.016891891891891893 0.028735632183908046
0 0.48099662162162166 0.2593390804597701 0.0160472972972973 0.027298850574712645
0 0.4738175675675676 0.23994252873563218 0.013513513513513514 0.022988505747126436
0 0.48099662162162166 0.23563218390804597 0.0160472972972973 0.022988505747126436
0 0.5067567567567568 0.2614942528735632 0.016891891891891893 0.028735632183908046
0 0.5185810810810811 0.2543103448275862 0.015202702702702704 0.02586206896551724
0 0.53125 0.23563218390804597 0.016891891891891893 0.02586206896551724
0 0.5498310810810811 0.2514367816091954 0.016891891891891893 0.034482758620689655
0 0.5287162162162162 0.2729885057471264 0.015202702702702704 0.028735632183908046
0 0.5152027027027027 0.30962643678160917 0.02027027027027027 0.033045977011494254
0 0.5793918918918919 0.21336206896551724 0.011824324324324325 0.021551724137931036
0 0.5831925675675677 0.23275862068965517 0.01266891891891892 0.022988505747126436
0 0.5891047297297297 0.27155172413793105 0.0160472972972973 0.031609195402298854
0 0.6203547297297297 0.22126436781609196 0.01097972972972973 0.02586206896551724
0 0.6283783783783784 0.1997126436781609 0.010135135135135136 0.022988505747126436
0 0.6186655405405406 0.24856321839080459 0.01266891891891892 0.02586206896551724
0 0.6431587837837838 0.21551724137931033 0.009290540540540541 0.022988505747126436
0 0.6499155405405406 0.2406609195402299 0.01097972972972973 0.021551724137931036
0 0.6866554054054055 0.20905172413793102 0.011824324324324325 0.021551724137931036
0 0.6913006756756758 0.22772988505747127 0.01097972972972973 0.021551724137931036
0 0.703125 0.21839080459770116 0.014358108108108109 0.02586206896551724
0 0.6858108108108109 0.27370689655172414 0.015202702702702704 0.027298850574712645
0 0.7217060810810811 0.2492816091954023 0.0160472972972973 0.033045977011494254
0 0.7525337837837838 0.2442528735632184 0.011824324324324325 0.031609195402298854
0 0.7618243243243243 0.22054597701149425 0.013513513513513514 0.027298850574712645
0 0.7837837837837838 0.2478448275862069 0.011824324324324325 0.021551724137931036
0 0.801097972972973 0.23132183908045978 0.01266891891891892 0.028735632183908046
0 0.8023648648648649 0.26221264367816094 0.013513513513513514 0.03879310344827586
0 0.8306587837837839 0.2435344827586207 0.01266891891891892 0.030172413793103446
0 0.8623310810810811 0.2535919540229885 0.013513513513513514 0.024425287356321837
0 0.8821790540540541 0.26221264367816094 0.01097972972972973 0.030172413793103446
0 0.8940033783783784 0.2535919540229885 0.014358108108108109 0.027298850574712645
0 0.9206081081081081 0.2823275862068966 0.016891891891891893 0.035919540229885055
0 0.9607263513513514 0.27945402298850575 0.014358108108108109 0.030172413793103446
0 0.9569256756756758 0.3089080459770115 0.016891891891891893 0.034482758620689655
0 0.9514358108108109 0.34913793103448276 0.0160472972972973 0.034482758620689655
0 0.9404560810810811 0.3908045977011494 0.021114864864864864 0.04597701149425287
0 0.9324324324324325 0.46264367816091956 0.028716216216216218 0.048850574712643674
0 0.8644425675675677 0.4331896551724138 0.024493243243243243 0.05603448275862069
0 0.8775337837837839 0.40445402298850575 0.02533783783783784 0.041666666666666664
0 0.8885135135135136 0.3390804597701149 0.018581081081081082 0.040229885057471264
0 0.9113175675675677 0.3160919540229885 0.016891891891891893 0.031609195402298854
0 0.8724662162162162 0.3010057471264368 0.018581081081081082 0.033045977011494254
0 0.832347972972973 0.30244252873563215 0.017736486486486486 0.041666666666666664
0 0.6161317567567568 0.3239942528735632 0.021114864864864864 0.033045977011494254
0 0.6642736486486487 0.34770114942528735 0.01942567567567568 0.037356321839080456
0 0.6490709459459459 0.3045977011494253 0.01942567567567568 0.034482758620689655
0 0.6972128378378378 0.3232758620689655 0.022804054054054057 0.037356321839080456
0 0.7103040540540541 0.34770114942528735 0.02195945945945946 0.04310344827586207
0 0.8306587837837839 0.3599137931034483 0.021114864864864864 0.04454022988505747
0 0.8120777027027027 0.40445402298850575 0.029560810810810814 0.05028735632183908
0 0.7597128378378378 0.40301724137931033 0.029560810810810814 0.0617816091954023
0 0.6828547297297297 0.3699712643678161 0.024493243243243243 0.04454022988505747
0 0.6266891891891893 0.4224137931034483 0.033783783783783786 0.05459770114942529
0 0.6676520270270271 0.4583333333333333 0.03631756756756757 0.06609195402298851
0 0.7259290540540541 0.5064655172413793 0.03969594594594595 0.07614942528735633
0 0.8277027027027027 0.4870689655172414 0.03547297297297297 0.05172413793103448
0 0.5962837837837838 0.4188218390804598 0.028716216216216218 0.03879310344827586
0 0.5603885135135136 0.39870689655172414 0.02787162162162162 0.041666666666666664
0 0.5181587837837838 0.3800287356321839 0.03125 0.05603448275862069
0 0.7390202702702703 0.27945402298850575 0.015202702702702704 0.030172413793103446
0 0.7660472972972974 0.2650862068965517 0.016891891891891893 0.027298850574712645
0 0.7837837837837838 0.27801724137931033 0.016891891891891893 0.027298850574712645