1 0.07272727272727272 0.497275204359673 0.01818181818181818 0.03542234332425068
1 0.09727272727272727 0.4891008174386921 0.02 0.03542234332425068
1 0.12727272727272726 0.5081743869209809 0.01818181818181818 0.03542234332425068
1 0.15636363636363637 0.5177111716621253 0.01818181818181818 0.0326975476839237
1 0.16727272727272727 0.5040871934604905 0.01818181818181818 0.0326975476839237
1 0.14727272727272728 0.49046321525885556 0.014545454545454545 0.027247956403269755
1 0.16090909090909092 0.4604904632152588 0.016363636363636365 0.0326975476839237
1 0.18363636363636363 0.4604904632152588 0.014545454545454545 0.027247956403269755
1 0.20727272727272728 0.45095367847411444 0.014545454545454545 0.024523160762942777
1 0.19636363636363635 0.5299727520435967 0.01818181818181818 0.03542234332425068
1 0.22090909090909092 0.5299727520435967 0.016363636363636365 0.03542234332425068
1 0.20636363636363636 0.5068119891008174 0.016363636363636365 0.027247956403269755
1 0.21727272727272728 0.49182561307901906 0.016363636363636365 0.02997275204359673
1 0.22454545454545455 0.4768392370572207 0.016363636363636365 0.0326975476839237
1 0.24363636363636362 0.4591280653950954 0.014545454545454545 0.02997275204359673
1 0.26454545454545453 0.45095367847411444 0.00909090909090909 0.024523160762942777
1 0.2863636363636364 0.45776566757493187 0.012727272727272728 0.027247956403269755
1 0.2590909090909091 0.48092643051771117 0.012727272727272728 0.01907356948228883
1 0.2736363636363636 0.47411444141689374 0.012727272727272728 0.021798365122615803
1 0.2818181818181818 0.49591280653950953 0.01818181818181818 0.0326975476839237
1 0.27 0.5027247956403269 0.012727272727272728 0.02997275204359673
1 0.2581818181818182 0.5 0.014545454545454545 0.024523160762942777
1 0.24636363636363637 0.49591280653950953 0.016363636363636365 0.0326975476839237
1 0.2545454545454545 0.5258855585831063 0.01818181818181818 0.0326975476839237
1 0.3090909090909091 0.4863760217983651 0.01818181818181818 0.02997275204359673
1 0.32181818181818184 0.4645776566757493 0.014545454545454545 0.02997275204359673
1 0.30818181818181817 0.4359673024523161 0.012727272727272728 0.021798365122615803
1 0.31272727272727274 0.40054495912806537 0.01090909090909091 0.01634877384196185
1 0.3409090909090909 0.34877384196185285 0.00909090909090909 0.01634877384196185
1 0.3518181818181818 0.3433242506811989 0.00909090909090909 0.01634877384196185
1 0.3372727272727273 0.4822888283378746 0.016363636363636365 0.0326975476839237
1 0.34454545454545454 0.45640326975476836 0.012727272727272728 0.024523160762942777
1 0.3618181818181818 0.4427792915531335 0.014545454545454545 0.024523160762942777
1 0.38272727272727275 0.4482288828337874 0.016363636363636365 0.024523160762942777
1 0.36818181818181817 0.47956403269754766 0.016363636363636365 0.0326975476839237
1 0.3881818181818182 0.47820163487738415 0.016363636363636365 0.03542234332425068
1 0.4036363636363636 0.4645776566757493 0.014545454545454545 0.024523160762942777
1 0.4072727272727273 0.44550408719346046 0.01090909090909091 0.024523160762942777
1 0.4109090909090909 0.3978201634877384 0.01090909090909091 0.01634877384196185
1 0.5063636363636363 0.3964577656675749 0.00909090909090909 0.01907356948228883
1 0.4290909090909091 0.44686648501362397 0.014545454545454545 0.027247956403269755
1 0.4509090909090909 0.444141689373297 0.014545454545454545 0.0326975476839237
1 0.4709090909090909 0.444141689373297 0.014545454545454545 0.01634877384196185
1 0.47454545454545455 0.4632152588555858 0.014545454545454545 0.021798365122615803
1 0.5009090909090909 0.4591280653950954 0.016363636363636365 0.024523160762942777
1 0.5227272727272727 0.45095367847411444 0.02 0.024523160762942777
1 0.5209090909090909 0.48365122615803813 0.016363636363636365 0.03542234332425068
1 0.5218181818181818 0.5204359673024523 0.014545454545454545 0.0326975476839237
1 0.5309090909090909 0.5980926430517711 0.01818181818181818 0.04632152588555858
1 0.4890909090909091 0.5899182561307902 0.01818181818181818 0.04087193460490463
1 0.49636363636363634 0.5231607629427792 0.01818181818181818 0.03814713896457766
1 0.5018181818181818 0.4863760217983651 0.014545454545454545 0.02997275204359673
1 0.4727272727272727 0.5190735694822888 0.01818181818181818 0.03542234332425068
1 0.45636363636363636 0.5027247956403269 0.014545454545454545 0.02997275204359673
1 0.44272727272727275 0.48092643051771117 0.016363636363636365 0.02997275204359673
1 0.4672727272727273 0.48501362397820164 0.014545454545454545 0.0326975476839237
1 0.44363636363636366 0.5245231607629428 0.01818181818181818 0.03542234332425068
1 0.4209090909090909 0.5245231607629428 0.02 0.03542234332425068
1 0.42 0.49046321525885556 0.014545454545454545 0.027247956403269755
1 0.4018181818181818 0.497275204359673 0.014545454545454545 0.03542234332425068
1 0.39 0.5381471389645777 0.016363636363636365 0.03542234332425068
1 0.37454545454545457 0.5122615803814714 0.014545454545454545 0.027247956403269755
1 0.37454545454545457 0.5463215258855586 0.01818181818181818 0.03542234332425068
1 0.34454545454545454 0.5149863760217983 0.016363636363636365 0.03814713896457766
1 0.32727272727272727 0.5272479564032697 0.01818181818181818 0.03542234332425068
1 0.30272727272727273 0.5313351498637602 0.016363636363636365 0.0326975476839237
1 0.17454545454545456 0.608991825613079 0.02181818181818182 0.04087193460490463
1 0.17909090909090908 0.6662125340599455 0.02 0.04087193460490463
1 0.1990909090909091 0.6580381471389646 0.023636363636363636 0.04087193460490463
1 0.2081818181818182 0.5967302452316076 0.02 0.03814713896457766
1 0.2390909090909091 0.5940054495912807 0.02 0.03814713896457766
1 0.2390909090909091 0.6485013623978202 0.02 0.043596730245231606
1 0.2772727272727273 0.6512261580381471 0.02 0.043596730245231606
1 0.27545454545454545 0.5940054495912807 0.02 0.03814713896457766
1 0.3 0.5871934604904632 0.01818181818181818 0.04087193460490463
1 0.33090909090909093 0.5926430517711171 0.01818181818181818 0.03542234332425068
1 0.3327272727272727 0.6471389645776566 0.01818181818181818 0.04087193460490463
1 0.3618181818181818 0.6021798365122616 0.02181818181818182 0.03814713896457766
1 0.3790909090909091 0.6416893732970027 0.02 0.04087193460490463
1 0.39545454545454545 0.6021798365122616 0.016363636363636365 0.03814713896457766
1 0.42363636363636364 0.603542234332425 0.01818181818181818 0.03542234332425068
1 0.47545454545454546 0.6403269754768393 0.02 0.043596730245231606
1 0.49272727272727274 0.6348773841961852 0.01818181818181818 0.043596730245231606
1 0.6018181818181818 0.6485013623978202 0.02181818181818182 0.043596730245231606
1 0.5554545454545454 0.5994550408719346 0.02 0.03814713896457766
1 0.6327272727272727 0.6267029972752043 0.02181818181818182 0.043596730245231606
1 0.66 0.6444141689373297 0.01818181818181818 0.04087193460490463
1 0.6918181818181818 0.600817438692098 0.02 0.04087193460490463
1 0.7127272727272728 0.6471389645776566 0.01818181818181818 0.04087193460490463
1 0.7581818181818182 0.6485013623978202 0.02181818181818182 0.03814713896457766
1 0.8127272727272727 0.6512261580381471 0.01818181818181818 0.03814713896457766
1 0.5454545454545454 0.5217983651226158 0.01818181818181818 0.03542234332425068
1 0.58 0.5258855585831063 0.01818181818181818 0.0326975476839237
1 0.6018181818181818 0.5258855585831063 0.01818181818181818 0.043596730245231606
1 0.6254545454545455 0.5258855585831063 0.01818181818181818 0.03814713896457766
1 0.6518181818181819 0.5217983651226158 0.02 0.04087193460490463
1 0.6663636363636364 0.5095367847411444 0.02 0.0326975476839237
1 0.68 0.5367847411444141 0.01818181818181818 0.043596730245231606
1 0.7009090909090909 0.5408719346049046 0.02 0.03542234332425068
1 0.7227272727272728 0.5340599455040872 0.02 0.03814713896457766
1 0.7509090909090909 0.5599455040871935 0.02181818181818182 0.04087193460490463
1 0.7836363636363637 0.5517711171662125 0.01818181818181818 0.03542234332425068
1 0.8136363636363636 0.544959128065395 0.016363636363636365 0.0326975476839237
1 0.9045454545454545 0.5272479564032697 0.02 0.03542234332425068
1 0.9245454545454546 0.5054495912806539 0.016363636363636365 0.02997275204359673
1 0.9481818181818181 0.5217983651226158 0.02 0.04087193460490463
1 0.8536363636363636 0.5149863760217983 0.02 0.03814713896457766
1 0.8263636363636364 0.5040871934604905 0.02 0.03814713896457766
1 0.8036363636363636 0.5013623978201635 0.01818181818181818 0.03814713896457766
1 0.7863636363636364 0.5027247956403269 0.02 0.03542234332425068
1 0.89 0.47275204359673023 0.016363636363636365 0.03542234332425068
1 0.8654545454545455 0.4482288828337874 0.01818181818181818 0.02997275204359673
1 0.8581818181818182 0.4863760217983651 0.01818181818181818 0.03542234332425068
1 0.84 0.49182561307901906 0.014545454545454545 0.02997275204359673
1 0.769090909090909 0.4768392370572207 0.01818181818181818 0.03814713896457766
1 0.7818181818181819 0.4591280653950954 0.014545454545454545 0.02997275204359673
1 0.7990909090909091 0.47275204359673023 0.016363636363636365 0.02997275204359673
1 0.8 0.43869209809264303 0.014545454545454545 0.021798365122615803
1 0.7636363636363637 0.4427792915531335 0.01818181818181818 0.024523160762942777
1 0.7436363636363637 0.44686648501362397 0.01818181818181818 0.027247956403269755
1 0.7318181818181818 0.4645776566757493 0.016363636363636365 0.024523160762942777
1 0.7327272727272727 0.4986376021798365 0.014545454545454545 0.027247956403269755
0 0.7163636363636363 0.4931880108991825 0.01818181818181818 0.027247956403269755
1 0.6945454545454546 0.5068119891008174 0.01818181818181818 0.027247956403269755
1 0.6809090909090909 0.4877384196185286 0.016363636363636365 0.027247956403269755
1 0.66 0.48501362397820164 0.01818181818181818 0.027247956403269755
1 0.6436363636363637 0.48501362397820164 0.014545454545454545 0.0326975476839237
1 0.6290909090909091 0.497275204359673 0.014545454545454545 0.02997275204359673
1 0.6272727272727273 0.4768392370572207 0.014545454545454545 0.021798365122615803
1 0.6045454545454545 0.497275204359673 0.012727272727272728 0.01907356948228883
1 0.5972727272727273 0.48501362397820164 0.016363636363636365 0.027247956403269755
1 0.6090909090909091 0.47411444141689374 0.014545454545454545 0.027247956403269755
1 0.6636363636363637 0.44550408719346046 0.014545454545454545 0.02997275204359673
1 0.6809090909090909 0.4536784741144414 0.016363636363636365 0.02997275204359673
1 0.64 0.45640326975476836 0.01818181818181818 0.02997275204359673
1 0.7045454545454546 0.40054495912806537 0.00909090909090909 0.01634877384196185
1 0.6990909090909091 0.35013623978201636 0.00909090909090909 0.013623978201634877
1 0.6863636363636364 0.3419618528610354 0.00909090909090909 0.013623978201634877
1 0.6690909090909091 0.332425068119891 0.01090909090909091 0.01634877384196185
1 0.59 0.3978201634877384 0.00909090909090909 0.01634877384196185
1 0.6145454545454545 0.44005449591280654 0.014545454545454545 0.024523160762942777
1 0.5954545454545455 0.4536784741144414 0.016363636363636365 0.024523160762942777
1 0.5827272727272728 0.4359673024523161 0.012727272727272728 0.027247956403269755
1 0.56 0.4863760217983651 0.01818181818181818 0.02997275204359673
1 0.5372727272727272 0.49182561307901906 0.02 0.024523160762942777
1 0.5463636363636364 0.4713896457765667 0.016363636363636365 0.021798365122615803
1 0.5554545454545454 0.4550408719346049 0.016363636363636365 0.027247956403269755
1 0.54 0.4250681198910082 0.014545454545454545 0.027247956403269755
0 0.5109090909090909 0.4250681198910082 0.014545454545454545 0.021798365122615803
1 0.8263636363636364 0.43869209809264303 0.016363636363636365 0.0326975476839237
1 0.49272727272727274 0.4250681198910082 0.01090909090909091 0.021798365122615803
0 0.44363636363636366 0.6403269754768393 0.01818181818181818 0.0326975476839237