0 0.11418269230769232 0.4313253012048193 0.05048076923076923 0.05783132530120483
0 0.234375 0.3734939759036145 0.06971153846153846 0.08674698795180724
0 0.39543269230769235 0.391566265060241 0.07932692307692309 0.10843373493975905
0 0.4879807692307693 0.427710843373494 0.038461538461538464 0.050602409638554224
0 0.5204326923076923 0.4168674698795181 0.021634615384615384 0.04337349397590362
0 0.5697115384615385 0.3746987951807229 0.08173076923076923 0.11325301204819278
0 0.6418269230769231 0.4108433734939759 0.05288461538461539 0.06506024096385543
0 0.7548076923076924 0.3939759036144579 0.09134615384615385 0.12289156626506025
0 0.811298076923077 0.42530120481927713 0.04567307692307693 0.050602409638554224
0 0.9086538461538463 0.3855421686746988 0.125 0.13975903614457832
0 0.96875 0.3337349397590362 0.057692307692307696 0.11807228915662651