0 0.19444444444444448 0.44561068702290074 0.04487179487179488 0.08206106870229007
0 0.0560897435897436 0.24236641221374045 0.018162393162393164 0.03435114503816794
0 0.047008547008547015 0.26240458015267176 0.017094017094017096 0.03244274809160305
0 0.09134615384615385 0.2280534351145038 0.016025641025641028 0.03244274809160305
0 0.0998931623931624 0.24236641221374045 0.016025641025641028 0.04198473282442748
0 0.29433760683760685 0.22423664122137404 0.02243589743589744 0.03244274809160305
0 0.6116452991452992 0.10400763358778625 0.01388888888888889 0.03244274809160305
0 0.5806623931623932 0.10877862595419847 0.016025641025641028 0.030534351145038167
0 0.5715811965811967 0.12309160305343511 0.021367521367521368 0.03244274809160305
0 0.6511752136752137 0.10305343511450381 0.01388888888888889 0.022900763358778626
0 0.6800213675213675 0.10782442748091603 0.01388888888888889 0.02480916030534351
0 0.43376068376068383 0.17270992366412213 0.019230769230769232 0.02862595419847328
0 0.4711538461538462 0.15362595419847327 0.017094017094017096 0.04007633587786259
0 0.327457264957265 0.18702290076335878 0.018162393162393164 0.03435114503816794
0 0.35363247863247865 0.19561068702290074 0.019230769230769232 0.03244274809160305
0 0.37820512820512825 0.19751908396946563 0.021367521367521368 0.04389312977099236
0 0.405448717948718 0.18893129770992365 0.02243589743589744 0.03816793893129771
0 0.4898504273504274 0.13740458015267176 0.0202991452991453 0.04198473282442748
0 0.5208333333333334 0.0715648854961832 0.018162393162393164 0.02480916030534351
0 0.3306623931623932 0.23950381679389313 0.028846153846153848 0.03625954198473282
0 0.36057692307692313 0.23854961832061067 0.0202991452991453 0.030534351145038167
0 0.5106837606837608 0.1498091603053435 0.017094017094017096 0.04389312977099236
0 0.5245726495726496 0.13072519083969464 0.019230769230769232 0.04007633587786259
0 0.3824786324786325 0.24713740458015265 0.019230769230769232 0.03244274809160305
0 0.42361111111111116 0.25 0.02670940170940171 0.03816793893129771
0 0.48450854700854706 0.20038167938931298 0.0202991452991453 0.04198473282442748
0 0.5475427350427351 0.1450381679389313 0.018162393162393164 0.03816793893129771
0 0.49091880341880345 0.2480916030534351 0.024572649572649576 0.04961832061068702
0 0.5352564102564104 0.20038167938931298 0.023504273504273508 0.04198473282442748
0 0.5811965811965812 0.16889312977099236 0.01495726495726496 0.03625954198473282
0 0.6319444444444445 0.14694656488549618 0.016025641025641028 0.03816793893129771
0 0.5710470085470086 0.26526717557251905 0.02243589743589744 0.04580152671755725
0 0.702991452991453 0.10782442748091603 0.01495726495726496 0.04007633587786259
0 0.6688034188034189 0.1784351145038168 0.019230769230769232 0.03625954198473282
0 0.6185897435897436 0.20896946564885496 0.023504273504273508 0.04007633587786259
0 0.6148504273504274 0.2862595419847328 0.02670940170940171 0.05725190839694656
0 0.6474358974358975 0.33492366412213737 0.03418803418803419 0.06297709923664122
0 0.6736111111111112 0.27958015267175573 0.02243589743589744 0.047709923664122134
0 0.5982905982905984 0.23187022900763357 0.023504273504273508 0.047709923664122134
0 0.7003205128205129 0.19370229007633588 0.024572649572649576 0.04389312977099236
0 0.7077991452991453 0.15744274809160305 0.016025641025641028 0.03625954198473282
0 0.7558760683760685 0.13263358778625953 0.0202991452991453 0.03625954198473282
0 0.7889957264957266 0.1364503816793893 0.01388888888888889 0.04007633587786259
0 0.8055555555555557 0.1498091603053435 0.01495726495726496 0.03625954198473282
0 0.7505341880341881 0.20038167938931298 0.0202991452991453 0.03435114503816794
0 0.7120726495726496 0.24522900763358776 0.02670940170940171 0.047709923664122134
0 0.763888888888889 0.2480916030534351 0.023504273504273508 0.04198473282442748
0 0.8002136752136753 0.21755725190839695 0.021367521367521368 0.03816793893129771
0 0.8119658119658121 0.2633587786259542 0.019230769230769232 0.03816793893129771
0 0.7553418803418804 0.308206106870229 0.02991452991452992 0.055343511450381674
0 0.74732905982906 0.3864503816793893 0.028846153846153848 0.059160305343511445
0 0.8221153846153847 0.39503816793893126 0.02670940170940171 0.06870229007633588
0 0.9097222222222223 0.10591603053435114 0.018162393162393164 0.04389312977099236
0 0.93482905982906 0.22614503816793893 0.01495726495726496 0.047709923664122134
0 0.8824786324786326 0.23854961832061067 0.017094017094017096 0.04198473282442748
0 0.8632478632478633 0.27862595419847325 0.023504273504273508 0.04961832061068702
0 0.9262820512820513 0.3043893129770992 0.019230769230769232 0.051526717557251904
0 0.8349358974358975 0.30916030534351147 0.024572649572649576 0.05343511450381679
0 0.9102564102564104 0.34732824427480913 0.023504273504273508 0.05343511450381679
0 0.8963675213675214 0.4112595419847328 0.032051282051282055 0.0782442748091603
0 0.3087606837606838 0.23282442748091603 0.017094017094017096 0.030534351145038167
0 0.4481837606837607 0.14885496183206107 0.016025641025641028 0.03435114503816794
0 0.7430555555555556 0.17175572519083968 0.018162393162393164 0.030534351145038167
0 0.6559829059829061 0.1364503816793893 0.012820512820512822 0.02480916030534351
0 0.6907051282051283 0.11545801526717557 0.01388888888888889 0.02862595419847328
0 0.4278846153846154 0.14599236641221375 0.016025641025641028 0.02480916030534351
0 0.5950854700854702 0.14026717557251908 0.021367521367521368 0.04389312977099236
0 0.451923076923077 0.2232824427480916 0.023504273504273508 0.04580152671755725