1 0.10579710144927536 0.6943907156673114 0.04057971014492753 0.061895551257253385
1 0.17753623188405798 0.6943907156673114 0.0391304347826087 0.061895551257253385
1 0.2326086956521739 0.6992263056092843 0.036231884057971016 0.059961315280464215
1 0.29130434782608694 0.7079303675048356 0.03768115942028986 0.061895551257253385
1 0.34855072463768116 0.6982591876208898 0.036231884057971016 0.061895551257253385
1 0.41231884057971013 0.7021276595744681 0.036231884057971016 0.058027079303675046
1 0.4673913043478261 0.6934235976789168 0.0391304347826087 0.059961315280464215
1 0.5289855072463768 0.690522243713733 0.03768115942028986 0.058027079303675046
1 0.5797101449275363 0.6866537717601547 0.03768115942028986 0.058027079303675046
1 0.6355072463768116 0.6876208897485493 0.036231884057971016 0.06382978723404255
1 0.7108695652173913 0.688588007736944 0.0391304347826087 0.061895551257253385
1 0.7746376811594203 0.690522243713733 0.036231884057971016 0.061895551257253385
1 0.841304347826087 0.6943907156673114 0.0391304347826087 0.061895551257253385
1 0.8855072463768116 0.5715667311411993 0.03188405797101449 0.05222437137330754
1 0.8355072463768116 0.5831721470019342 0.030434782608695653 0.04835589941972921
1 0.8036231884057972 0.5831721470019342 0.02753623188405797 0.04448742746615087
1 0.7753623188405797 0.5725338491295938 0.028985507246376812 0.05415860735009671
1 0.744927536231884 0.5754352030947776 0.026086956521739132 0.04835589941972921
1 0.7239130434782609 0.5696324951644101 0.03333333333333333 0.05609284332688588
1 0.6920289855072463 0.5851063829787234 0.030434782608695653 0.04835589941972921
1 0.6572463768115943 0.5773694390715667 0.030434782608695653 0.04835589941972921
1 0.631159420289855 0.574468085106383 0.02753623188405797 0.04642166344294004
1 0.6057971014492753 0.574468085106383 0.028985507246376812 0.05415860735009671
1 0.5746376811594203 0.5783365570599613 0.02753623188405797 0.05029013539651837
1 0.5478260869565218 0.5764023210831721 0.028985507246376812 0.05415860735009671
1 0.513768115942029 0.5715667311411993 0.030434782608695653 0.05609284332688588
1 0.4855072463768116 0.562862669245648 0.03188405797101449 0.05415860735009671
1 0.4572463768115942 0.5657640232108317 0.02753623188405797 0.05222437137330754
1 0.43043478260869567 0.5725338491295938 0.028985507246376812 0.05415860735009671
1 0.4057971014492754 0.5686653771760155 0.026086956521739132 0.05415860735009671
1 0.3789855072463768 0.5754352030947776 0.030434782608695653 0.04835589941972921
1 0.3181159420289855 0.5899419729206963 0.03333333333333333 0.05415860735009671
1 0.07391304347826087 0.5773694390715667 0.02318840579710145 0.04835589941972921
1 0.09202898550724638 0.5705996131528046 0.03333333333333333 0.058027079303675046
1 0.14782608695652175 0.5812379110251451 0.03188405797101449 0.05222437137330754
1 0.17681159420289855 0.5764023210831721 0.028985507246376812 0.05415860735009671
1 0.21666666666666667 0.5899419729206963 0.03333333333333333 0.05415860735009671
1 0.23768115942028986 0.5696324951644101 0.028985507246376812 0.04835589941972921
1 0.26521739130434785 0.5899419729206963 0.03188405797101449 0.058027079303675046
1 0.2818840579710145 0.5657640232108317 0.030434782608695653 0.04835589941972921
1 0.3173913043478261 0.5531914893617021 0.028985507246376812 0.04642166344294004
1 0.3572463768115942 0.5560928433268859 0.02463768115942029 0.04448742746615087