1 0.17307692307692307 0.4301204819277109 0.0625 0.0746987951807229
1 0.2668269230769231 0.4349397590361446 0.038461538461538464 0.055421686746987955
1 0.4026442307692308 0.46746987951807234 0.03605769230769231 0.03855421686746988
1 0.515625 0.44698795180722894 0.03605769230769231 0.055421686746987955
1 0.5661057692307693 0.47108433734939764 0.03125 0.045783132530120486
1 0.6514423076923077 0.46867469879518076 0.03365384615384616 0.045783132530120486
1 0.7235576923076924 0.47951807228915666 0.028846153846153848 0.04337349397590362
1 0.7680288461538461 0.46385542168674704 0.05528846153846154 0.055421686746987955
1 0.8762019230769231 0.4734939759036145 0.03605769230769231 0.04096385542168675
1 0.8485576923076924 0.4771084337349398 0.019230769230769232 0.03855421686746988
1 0.9795673076923077 0.45060240963855425 0.03605769230769231 0.04819277108433735