1 0.4466666666666667 0.2665289256198347 0.06666666666666667 0.11983471074380166
1 0.3666666666666667 0.24793388429752067 0.06666666666666667 0.10743801652892562
1 0.29000000000000004 0.2024793388429752 0.08 0.12396694214876033
1 0.19166666666666668 0.25206611570247933 0.10333333333333335 0.1322314049586777
1 0.455 0.16942148760330578 0.05666666666666667 0.09917355371900827
1 0.5033333333333334 0.19008264462809918 0.04666666666666667 0.09917355371900827
1 0.5466666666666667 0.19834710743801653 0.05333333333333334 0.09917355371900827
1 0.5583333333333333 0.1487603305785124 0.05 0.0743801652892562
1 0.62 0.1652892561983471 0.060000000000000005 0.09090909090909091
1 0.6733333333333333 0.20041322314049587 0.04666666666666667 0.08677685950413223
1 0.7250000000000001 0.21074380165289258 0.05 0.08264462809917356
1 0.6950000000000001 0.1384297520661157 0.043333333333333335 0.07024793388429752
1 0.765 0.17768595041322316 0.05 0.08264462809917356
1 0.8116666666666668 0.1590909090909091 0.05 0.07851239669421488