0 0.042067307692307696 0.5216867469879518 0.05048076923076923 0.06024096385542169
0 0.14903846153846154 0.5433734939759036 0.04326923076923077 0.055421686746987955
0 0.23197115384615385 0.5566265060240965 0.03605769230769231 0.05301204819277109
0 0.2403846153846154 0.5168674698795181 0.038461538461538464 0.026506024096385545
0 0.2776442307692308 0.5433734939759036 0.06009615384615385 0.06987951807228916
0 0.39543269230769235 0.5349397590361447 0.026442307692307696 0.03855421686746988
0 0.4519230769230769 0.5481927710843374 0.038461538461538464 0.045783132530120486
0 0.4987980769230769 0.5590361445783133 0.05048076923076923 0.05783132530120483
0 0.5673076923076923 0.5445783132530121 0.03365384615384616 0.04819277108433735
0 0.6141826923076923 0.5373493975903615 0.01682692307692308 0.024096385542168676
0 0.6875 0.5409638554216868 0.038461538461538464 0.045783132530120486
0 0.7704326923076924 0.5481927710843374 0.03605769230769231 0.045783132530120486
0 0.8365384615384616 0.5313253012048194 0.02403846153846154 0.03132530120481928
0 0.9146634615384616 0.5566265060240965 0.03605769230769231 0.03855421686746988