0 0.5853365384615385 0.4385542168674699 0.021634615384615384 0.028915662650602414
0 0.5252403846153847 0.42530120481927713 0.021634615384615384 0.03132530120481928
0 0.44230769230769235 0.4204819277108434 0.02403846153846154 0.03132530120481928
0 0.3317307692307693 0.41445783132530123 0.02403846153846154 0.03855421686746988
1 0.3786057692307693 0.4156626506024097 0.026442307692307696 0.03132530120481928
1 0.3028846153846154 0.419277108433735 0.02403846153846154 0.028915662650602414
1 0.22836538461538464 0.41445783132530123 0.02403846153846154 0.028915662650602414
1 0.19711538461538464 0.4265060240963856 0.014423076923076924 0.014457831325301207
0 0.11538461538461539 0.4265060240963856 0.009615384615384616 0.00963855421686747
0 0.09375 0.4337349397590362 0.004807692307692308 0.004819277108433735
0 0.07692307692307693 0.4313253012048193 0.004807692307692308 0.004819277108433735