1 0.2644230769230769 0.06971153846153846 0.04326923076923077 0.04326923076923077
1 0.40024038461538464 0.038461538461538464 0.06009615384615385 0.07692307692307693
1 0.5168269230769231 0.022836538461538464 0.07211538461538462 0.04567307692307693
1 0.6274038461538461 0.05288461538461539 0.038461538461538464 0.038461538461538464
1 0.8485576923076924 0.10697115384615385 0.04807692307692308 0.07451923076923077
1 0.9338942307692308 0.11899038461538462 0.040865384615384616 0.06009615384615385
1 0.265625 0.40384615384615385 0.040865384615384616 0.04807692307692308
1 0.4014423076923077 0.4254807692307693 0.057692307692307696 0.0625
1 0.5096153846153847 0.4555288461538462 0.06730769230769232 0.05528846153846154
1 0.6274038461538461 0.4170673076923077 0.038461538461538464 0.040865384615384616
1 0.8461538461538463 0.3653846153846154 0.05288461538461539 0.07211538461538462
1 0.9314903846153847 0.35216346153846156 0.040865384615384616 0.06009615384615385