0 0.057692307692307696 0.3762019230769231 0.07692307692307693 0.07932692307692309
0 0.12860576923076925 0.38822115384615385 0.03125 0.040865384615384616
0 0.22355769230769232 0.38341346153846156 0.028846153846153848 0.03605769230769231
0 0.27403846153846156 0.40625 0.07211538461538462 0.08173076923076923
0 0.32572115384615385 0.3774038461538462 0.03605769230769231 0.038461538461538464
0 0.3653846153846154 0.38461538461538464 0.028846153846153848 0.04326923076923077
0 0.44230769230769235 0.38461538461538464 0.019230769230769232 0.02403846153846154
0 0.4903846153846154 0.37259615384615385 0.07211538461538462 0.09134615384615385
0 0.5733173076923077 0.3894230769230769 0.05048076923076923 0.0625
0 0.6165865384615385 0.3858173076923077 0.03605769230769231 0.040865384615384616
0 0.748798076923077 0.3605769230769231 0.06971153846153846 0.09615384615384616
0 0.6959134615384616 0.39903846153846156 0.03605769230769231 0.03365384615384616