1 0.42894393741851367 0.3420074349442379 0.1303780964797914 0.483271375464684
1 0.4915254237288135 0.3736059479553903 0.028683181225554105 0.21189591078066913
1 0.7105606258148631 0.44981412639405205 0.08344198174706649 0.3048327137546468
1 0.8526727509778357 0.570631970260223 0.03650586701434159 0.1524163568773234
1 0.9022164276401564 0.39962825278810404 0.05215123859191656 0.1895910780669145
1 0.9745762711864406 0.41263940520446096 0.0378096479791395 0.16356877323420074
1 0.8389830508474576 0.3754646840148699 0.048239895697522815 0.13382899628252787
1 0.29335071707953064 0.4758364312267658 0.05736636245110821 0.2527881040892193
1 0.23859191655801826 0.4535315985130111 0.07822685788787484 0.26022304832713755
1 0.04498044328552803 0.483271375464684 0.07431551499348109 0.26765799256505574
0 0.6134289439374185 0.4219330855018587 0.07170795306388526 0.21933085501858735
0 0.7920469361147326 0.4553903345724907 0.027379400260756193 0.1003717472118959