1 0.09495192307692309 0.3674698795180723 0.18990384615384617 0.3301204819277109
1 0.19110576923076925 0.3445783132530121 0.0889423076923077 0.11084337349397591
1 0.6490384615384616 0.30722891566265065 0.11057692307692309 0.13253012048192772
1 0.7560096153846154 0.3445783132530121 0.11298076923076923 0.11566265060240966
1 0.5793269230769231 0.3566265060240964 0.057692307692307696 0.10120481927710845
1 0.30168269230769235 0.3759036144578314 0.03125 0.033734939759036145
1 0.3401442307692308 0.3867469879518073 0.03605769230769231 0.045783132530120486
1 0.3774038461538462 0.3674698795180723 0.03365384615384616 0.055421686746987955
1 0.40625 0.3722891566265061 0.04326923076923077 0.06024096385542169
1 0.4603365384615385 0.3783132530120482 0.05048076923076923 0.07228915662650603
1 0.5180288461538461 0.391566265060241 0.040865384615384616 0.045783132530120486
1 0.8137019230769231 0.3662650602409639 0.021634615384615384 0.04819277108433735
1 0.8545673076923077 0.3698795180722892 0.026442307692307696 0.03614457831325302
1 0.9795673076923077 0.3795180722891567 0.03605769230769231 0.04096385542168675
1 0.9627403846153847 0.3698795180722892 0.03605769230769231 0.04096385542168675
1 0.8990384615384616 0.3734939759036145 0.06730769230769232 0.08674698795180724