0 0.936298076923077 0.491566265060241 0.06490384615384616 0.10120481927710845
0 0.8485576923076924 0.48674698795180726 0.12980769230769232 0.14457831325301207
0 0.7415865384615385 0.5168674698795181 0.07932692307692309 0.09879518072289158
0 0.11418269230769232 0.5180722891566265 0.12740384615384617 0.13493975903614458
0 0.1778846153846154 0.5313253012048194 0.014423076923076924 0.03132530120481928
0 0.2716346153846154 0.5289156626506024 0.07211538461538462 0.09879518072289158
0 0.4254807692307693 0.5108433734939759 0.03365384615384616 0.04819277108433735
0 0.5096153846153847 0.5156626506024097 0.028846153846153848 0.033734939759036145
0 0.5600961538461539 0.48674698795180726 0.04807692307692308 0.05783132530120483
0 0.5865384615384616 0.5313253012048194 0.05288461538461539 0.06987951807228916
0 0.4651442307692308 0.5337349397590362 0.07451923076923077 0.09397590361445785
0 0.3930288461538462 0.5156626506024097 0.04567307692307693 0.06746987951807229