1 0.890625 0.43509615384615385 0.05048076923076923 0.04807692307692308
1 0.8389423076923077 0.44591346153846156 0.03365384615384616 0.040865384615384616
1 0.7307692307692308 0.4435096153846154 0.03365384615384616 0.040865384615384616
1 0.6983173076923077 0.4435096153846154 0.03125 0.040865384615384616
1 0.6358173076923077 0.4242788461538462 0.04567307692307693 0.05528846153846154
1 0.5228365384615384 0.4399038461538462 0.03125 0.04807692307692308
1 0.5480769230769231 0.4435096153846154 0.038461538461538464 0.04567307692307693
1 0.47836538461538464 0.4519230769230769 0.02403846153846154 0.038461538461538464
1 0.4362980769230769 0.45072115384615385 0.040865384615384616 0.05528846153846154
1 0.33052884615384615 0.4519230769230769 0.05048076923076923 0.0625
1 0.2980769230769231 0.4555288461538462 0.028846153846153848 0.04567307692307693
1 0.20072115384615385 0.4362980769230769 0.05528846153846154 0.06490384615384616
1 0.13341346153846154 0.4435096153846154 0.040865384615384616 0.05528846153846154
1 0.021634615384615384 0.4567307692307693 0.04326923076923077 0.0625