1 0.12539021852237253 0.22462562396006655 0.25078043704474506 0.4492512479201331
1 0.3694068678459938 0.14143094841930118 0.22268470343392302 0.28286189683860236
1 0.4973985431841832 0.10815307820299501 0.09365244536940688 0.21630615640599002
1 0.6050988553590011 0.07653910149750416 0.13631633714880334 0.15307820299500832
1 0.7258064516129032 0.19051580698835274 0.09053069719042665 0.22462562396006655
1 0.7950052029136317 0.18302828618968386 0.04786680541103018 0.1064891846921797
1 0.8917793964620188 0.1605657237936772 0.035379812695109265 0.06821963394342762
1 0.8225806451612904 0.1680532445923461 0.03433922996878252 0.08652246256239601
0 0.9302809573361083 0.31863560732113144 0.024973985431841834 0.048252911813643926
0 0.9625390218522374 0.30948419301164726 0.024973985431841834 0.04326123128119801
0 0.8522372528616026 0.1772046589018303 0.03121748178980229 0.07820299500831947
0 0.7669094693028097 0.2129783693843594 0.03746097814776275 0.10316139767054909
0 0.6607700312174819 0.11397670549084858 0.07908428720083248 0.194675540765391