0 0.4265116279069768 0.19008264462809918 0.019534883720930235 0.0396694214876033
0 0.5079069767441861 0.14132231404958678 0.02046511627906977 0.04462809917355372
0 0.6269767441860465 0.13636363636363635 0.014883720930232559 0.028099173553719006
0 0.6511627906976745 0.1371900826446281 0.014883720930232559 0.026446280991735537
0 0.6516279069767442 0.12066115702479338 0.013953488372093025 0.026446280991735537
0 0.6832558139534884 0.05785123966942149 0.012093023255813955 0.026446280991735537
0 0.7525581395348837 0.14958677685950414 0.014883720930232559 0.03471074380165289
0 0.770232558139535 0.14958677685950414 0.013023255813953489 0.03471074380165289
0 0.8739534883720931 0.18677685950413223 0.013953488372093025 0.03305785123966942
0 0.8930232558139536 0.21735537190082643 0.014883720930232559 0.04132231404958678
0 0.8930232558139536 0.2537190082644628 0.014883720930232559 0.04462809917355372
0 0.918139534883721 0.24545454545454545 0.01674418604651163 0.04462809917355372
0 0.826046511627907 0.25867768595041324 0.02046511627906977 0.0512396694214876