1 0.956 0.7943192948090108 0.034666666666666665 0.03525954946131244
1 0.954 0.7247796278158668 0.03333333333333333 0.03330068560235064
1 0.8753333333333333 0.7855044074436827 0.036 0.031341821743388835
1 0.876 0.7159647404505387 0.032 0.031341821743388835
1 0.85 0.7061704211557297 0.030666666666666665 0.02742409402546523
1 0.8106666666666666 0.7135161606268364 0.032 0.03232125367286973
1 0.7979999999999999 0.7742409402546523 0.03333333333333333 0.03232125367286973
1 0.5826666666666667 0.7761998041136141 0.029333333333333333 0.030362389813907934
1 0.6553333333333333 0.7884427032321254 0.030666666666666665 0.03330068560235064
1 0.7286666666666667 0.7703232125367288 0.036 0.034280117531831536
1 0.7533333333333333 0.7159647404505387 0.034666666666666665 0.031341821743388835
1 0.4993333333333333 0.7649363369245837 0.028 0.029382957884427033
1 0.43866666666666665 0.7810969637610187 0.032 0.02644466209598433
1 0.6106666666666667 0.7066601371204702 0.026666666666666665 0.02644466209598433
1 0.6253333333333333 0.682664054848188 0.029333333333333333 0.02742409402546523
1 0.6859999999999999 0.6821743388834476 0.028 0.02840352595494613
1 0.6953333333333334 0.7120470127326151 0.028 0.02742409402546523
1 0.6453333333333333 0.7135161606268364 0.026666666666666665 0.030362389813907934
1 0.07666666666666666 0.7659157688540646 0.036 0.03525954946131244
1 0.16066666666666665 0.7551420176297747 0.036 0.03330068560235064
1 0.22866666666666666 0.7644466209598433 0.036 0.03232125367286973
1 0.2846666666666667 0.7644466209598433 0.03333333333333333 0.03232125367286973
1 0.3413333333333333 0.7624877571008815 0.029333333333333333 0.03232125367286973
1 0.3506666666666667 0.7115572967678746 0.032 0.030362389813907934
1 0.32266666666666666 0.6856023506366308 0.029333333333333333 0.029382957884427033
1 0.23466666666666666 0.7051909892262488 0.029333333333333333 0.029382957884427033
1 0.26066666666666666 0.6929480901077375 0.025333333333333333 0.030362389813907934
1 0.29466666666666663 0.6807051909892262 0.026666666666666665 0.02742409402546523
1 0.2826666666666667 0.6616062683643487 0.024 0.02644466209598433
1 0.39799999999999996 0.7027424094025465 0.028 0.03232125367286973
1 0.42 0.692458374142997 0.024 0.02742409402546523
1 0.444 0.7095984329089129 0.026666666666666665 0.030362389813907934
1 0.4673333333333333 0.689030362389814 0.028 0.02840352595494613
1 0.5 0.6963761018609207 0.026666666666666665 0.029382957884427033
1 0.5566666666666666 0.7002938295788443 0.030666666666666665 0.029382957884427033
1 0.5479999999999999 0.6645445641527914 0.026666666666666665 0.024485798237022526
1 0.4453333333333333 0.672869735553379 0.024 0.023506366307541625
1 0.020666666666666667 0.6919686581782566 0.030666666666666665 0.02840352595494613
1 0.026666666666666665 0.6699314397649364 0.029333333333333333 0.019588638589618023
1 0.08333333333333333 0.6777668952007836 0.030666666666666665 0.031341821743388835
1 0.11599999999999999 0.6718903036238981 0.029333333333333333 0.029382957884427033
1 0.154 0.6797257590597454 0.028 0.029382957884427033
1 0.184 0.6660137120470128 0.026666666666666665 0.025465230166503428
1 0.22133333333333333 0.6704211557296768 0.026666666666666665 0.02840352595494613
1 0.734 0.7037218413320274 0.030666666666666665 0.030362389813907934
0 0.9306666666666666 0.708619000979432 0.026666666666666665 0.02644466209598433