1 0.304375 0.3696060037523452 0.04625 0.075046904315197
1 0.069375 0.3893058161350844 0.07125000000000001 0.10694183864915573
0 0.3925 0.3827392120075047 0.07 0.1425891181988743
0 0.16125 0.2964352720450281 0.09 0.14634146341463414
0 0.505 0.398686679174484 0.0625 0.11444652908067542
0 0.520625 0.35553470919324576 0.04625 0.06566604127579738
0 0.595625 0.4155722326454034 0.03625 0.07317073170731707
0 0.575625 0.4052532833020638 0.02625 0.04878048780487805
0 0.660625 0.36679174484052535 0.05375 0.09943714821763602
0 0.8225 0.38461538461538464 0.1225 0.225140712945591
0 0.84125 0.3151969981238274 0.10250000000000001 0.13883677298311445