1 0.49083333333333334 0.4166666666666667 0.025 0.03333333333333333
1 0.5908333333333333 0.40555555555555556 0.018333333333333333 0.028888888888888888
1 0.6416666666666667 0.39666666666666667 0.016666666666666666 0.028888888888888888
1 0.7825000000000001 0.39555555555555555 0.018333333333333333 0.03111111111111111
1 0.8116666666666668 0.4033333333333333 0.02 0.028888888888888888
0 0.19 0.41555555555555557 0.023333333333333334 0.035555555555555556
0 0.16083333333333336 0.4177777777777778 0.021666666666666667 0.035555555555555556
0 0.39416666666666667 0.41888888888888887 0.018333333333333333 0.028888888888888888
0 0.5508333333333334 0.40555555555555556 0.018333333333333333 0.024444444444444446
0 0.5316666666666667 0.4122222222222222 0.016666666666666666 0.024444444444444446
0 0.7133333333333334 0.3988888888888889 0.016666666666666666 0.024444444444444446
0 0.6791666666666667 0.4 0.018333333333333333 0.022222222222222223
0 0.7533333333333334 0.3877777777777778 0.016666666666666666 0.024444444444444446
0 0.7441666666666668 0.39666666666666667 0.011666666666666667 0.02
0 0.8258333333333334 0.39444444444444443 0.015000000000000001 0.024444444444444446
0 0.795 0.4 0.016666666666666666 0.026666666666666665
1 0.7816666666666667 0.39555555555555555 0.016666666666666666 0.03111111111111111
1 0.8116666666666668 0.4033333333333333 0.016666666666666666 0.028888888888888888
1 0.8891666666666668 0.39666666666666667 0.018333333333333333 0.028888888888888888