0 0.3947368421052631 0.19463667820069205 0.02373581011351909 0.032871972318339104
0 0.43704850361197106 0.21193771626297578 0.0196078431372549 0.03633217993079585
0 0.4680082559339525 0.2301038062283737 0.025799793601651185 0.04152249134948097
0 0.5737874097007224 0.17387543252595156 0.018575851393188854 0.03633217993079585
0 0.586687306501548 0.19204152249134948 0.017543859649122806 0.04498269896193772
0 0.6573787409700722 0.13148788927335642 0.014447884416924663 0.03114186851211073
0 0.7038183694530443 0.1782006920415225 0.02063983488132095 0.04152249134948097
0 0.7012383900928792 0.21453287197231835 0.02373581011351909 0.04152249134948097
0 0.651702786377709 0.22664359861591696 0.02373581011351909 0.051903114186851215
0 0.652218782249742 0.2759515570934256 0.028895768833849325 0.039792387543252594
0 0.6584107327141382 0.3243944636678201 0.028895768833849325 0.05709342560553633
0 0.7208462332301341 0.26124567474048443 0.025799793601651185 0.04844290657439446
0 0.7543859649122806 0.16782006920415227 0.024767801857585137 0.051903114186851215
0 0.9762641898864808 0.24048442906574397 0.02063983488132095 0.04152249134948097