1 0.47458333333333336 0.21916666666666668 0.0425 0.095
1 0.5758333333333334 0.795 0.04666666666666667 0.09666666666666668
1 0.4808333333333334 0.7766666666666667 0.035 0.08666666666666667
1 0.6275000000000001 0.6533333333333333 0.02666666666666667 0.07
1 0.5975 0.6608333333333334 0.025 0.06166666666666667
1 0.6625000000000001 0.6566666666666667 0.016666666666666666 0.07
1 0.7612500000000001 0.6416666666666667 0.0125 0.03666666666666667
1 0.8295833333333333 0.5716666666666667 0.0325 0.08
1 0.9833333333333334 0.6091666666666667 0.028333333333333335 0.085
1 0.10791666666666667 0.5616666666666666 0.0425 0.09666666666666668
1 0.39583333333333337 0.795 0.04 0.10333333333333335
1 0.3554166666666667 0.8891666666666668 0.03916666666666667 0.085
0 0.21208333333333335 0.48000000000000004 0.04916666666666667 0.11666666666666667
0 0.32625000000000004 0.6325000000000001 0.010833333333333334 0.03166666666666667