0 0.19550669216061184 0.45563139931740615 0.04110898661567877 0.06484641638225257
0 0.29493307839388144 0.22525597269624573 0.020076481835564052 0.030716723549488054
0 0.30879541108986613 0.2440273037542662 0.019120458891013385 0.040955631399317405
0 0.3264818355640535 0.2363481228668942 0.018164435946462713 0.03583617747440273
0 0.3298279158699809 0.19283276450511946 0.015296367112810707 0.034129692832764506
0 0.34082217973231355 0.19539249146757678 0.018164435946462713 0.03924914675767918
0 0.36424474187380496 0.1945392491467577 0.019120458891013385 0.034129692832764506
0 0.35564053537284895 0.22440273037542663 0.021032504780114723 0.03924914675767918
0 0.37476099426386233 0.2815699658703072 0.021032504780114723 0.040955631399317405
0 0.43833652007648183 0.24488054607508533 0.020076481835564052 0.03583617747440273
0 0.38910133843212236 0.20648464163822525 0.019120458891013385 0.034129692832764506
0 0.41204588910133844 0.18515358361774745 0.017208413001912046 0.02901023890784983
0 0.41682600382409174 0.1561433447098976 0.015296367112810707 0.03242320819112628
0 0.4364244741873805 0.17235494880546076 0.018164435946462713 0.034129692832764506
0 0.44741873804971316 0.15187713310580206 0.015296367112810707 0.027303754266211604
0 0.4727533460803059 0.1680887372013652 0.016252390057361375 0.03242320819112628
0 0.4818355640535373 0.14419795221843004 0.013384321223709368 0.02901023890784983
0 0.48996175908221795 0.13395904436860068 0.016252390057361375 0.025597269624573378
0 0.5086042065009561 0.12116040955631399 0.01147227533460803 0.027303754266211604
0 0.5296367112810707 0.12030716723549488 0.013384321223709368 0.025597269624573378
0 0.5444550669216061 0.12798634812286688 0.014340344168260038 0.027303754266211604
0 0.5081261950286806 0.13907849829351537 0.016252390057361375 0.02901023890784983
0 0.5229445506692161 0.14334470989761092 0.015296367112810707 0.027303754266211604
0 0.5587954110898662 0.15955631399317408 0.016252390057361375 0.03242320819112628
0 0.5826959847036328 0.16723549488054607 0.016252390057361375 0.034129692832764506
0 0.5836520076481836 0.12457337883959045 0.014340344168260038 0.023890784982935155
0 0.5850860420650096 0.11604095563139932 0.01147227533460803 0.023890784982935155
0 0.611376673040153 0.11945392491467577 0.012428298279158699 0.030716723549488054
0 0.6171128107074569 0.1552901023890785 0.014340344168260038 0.034129692832764506
0 0.6505736137667304 0.13651877133105803 0.014340344168260038 0.027303754266211604
0 0.6620458891013384 0.11604095563139932 0.012428298279158699 0.023890784982935155
0 0.6711281070745697 0.09897610921501707 0.009560229445506692 0.027303754266211604
0 0.6912045889101338 0.10324232081911262 0.01147227533460803 0.025597269624573378
0 0.7079349904397705 0.10580204778156997 0.014340344168260038 0.027303754266211604
0 0.5549713193116634 0.19368600682593856 0.020076481835564052 0.03924914675767918
0 0.505736137667304 0.19112627986348124 0.017208413001912046 0.030716723549488054
0 0.4794455066921606 0.22696245733788395 0.020076481835564052 0.04436860068259386
0 0.4273422562141491 0.20989761092150172 0.019120458891013385 0.027303754266211604
0 0.4435946462715105 0.21331058020477817 0.017208413001912046 0.030716723549488054
0 0.5081261950286806 0.2841296928327645 0.02198852772466539 0.052901023890784986
0 0.5439770554493307 0.2901023890784983 0.026768642447418736 0.05802047781569966
0 0.5688336520076481 0.25426621160409557 0.02294455066921606 0.04436860068259386
0 0.628585086042065 0.25 0.018164435946462713 0.04948805460750853
0 0.6338432122370937 0.2090443686006826 0.017208413001912046 0.03583617747440273
0 0.6830783938814531 0.18515358361774745 0.020076481835564052 0.03583617747440273
0 0.7012428298279159 0.15443686006825938 0.014340344168260038 0.03242320819112628
0 0.7284894837476099 0.1476109215017065 0.015296367112810707 0.03583617747440273
0 0.7638623326959847 0.13139931740614336 0.015296367112810707 0.030716723549488054
0 0.7863288718929254 0.1348122866894198 0.016252390057361375 0.027303754266211604
0 0.7848948374760994 0.15784982935153583 0.019120458891013385 0.03242320819112628
0 0.8107074569789675 0.15358361774744028 0.019120458891013385 0.03754266211604096
0 0.7552581261950286 0.17406143344709898 0.015296367112810707 0.03754266211604096
0 0.7447418738049713 0.20051194539249148 0.017208413001912046 0.03242320819112628
0 0.7060229445506692 0.1945392491467577 0.020076481835564052 0.040955631399317405
0 0.7160611854684512 0.2295221843003413 0.017208413001912046 0.03924914675767918
0 0.6773422562141491 0.2687713310580205 0.02390057361376673 0.04607508532423208
0 0.7256214149139579 0.28242320819112626 0.024856596558317397 0.04948805460750853
0 0.6625239005736138 0.3626279863481229 0.03441682600382409 0.059726962457337884
0 0.5946462715105162 0.3455631399317406 0.026768642447418736 0.06313993174061433
0 0.7476099426386233 0.3916382252559727 0.026768642447418736 0.059726962457337884
0 0.7858508604206501 0.3148464163822526 0.021032504780114723 0.04948805460750853
0 0.7695984703632887 0.2440273037542662 0.021032504780114723 0.04436860068259386
0 0.8059273422562141 0.2491467576791809 0.017208413001912046 0.040955631399317405
0 0.8068833652007648 0.2022184300341297 0.015296367112810707 0.03924914675767918
0 0.8790630975143403 0.2226962457337884 0.016252390057361375 0.03583617747440273
0 0.9263862332695985 0.2380546075085324 0.015296367112810707 0.03583617747440273
0 0.8647227533460803 0.27986348122866894 0.02198852772466539 0.04778156996587031
0 0.8374760994263862 0.3174061433447099 0.021032504780114723 0.051194539249146756
0 0.8202676864244741 0.40273037542662116 0.028680688336520075 0.06143344709897611
0 0.8561185468451242 0.39590443686006827 0.029636711281070746 0.07167235494880546
0 0.9115678776290631 0.3395904436860068 0.02390057361376673 0.06825938566552901
0 0.9263862332695985 0.29692832764505117 0.02294455066921606 0.04436860068259386
0 0.624282982791587 0.12798634812286688 0.015296367112810707 0.027303754266211604