1 0.9651442307692308 0.27884615384615385 0.021634615384615384 0.028846153846153848
1 0.9495192307692308 0.3786057692307693 0.028846153846153848 0.03605769230769231
1 0.905048076923077 0.3389423076923077 0.026442307692307696 0.02403846153846154
0 0.7764423076923077 0.3786057692307693 0.028846153846153848 0.03605769230769231
0 0.703125 0.3317307692307693 0.026442307692307696 0.03365384615384616
0 0.7247596153846154 0.2692307692307693 0.01201923076923077 0.014423076923076924
0 0.640625 0.34375 0.021634615384615384 0.028846153846153848
1 0.4963942307692308 0.2199519230769231 0.06971153846153846 0.07932692307692309
1 0.7716346153846154 0.4567307692307693 0.0625 0.05288461538461539
1 0.3341346153846154 0.25240384615384615 0.0625 0.04807692307692308
1 0.21634615384615385 0.3629807692307693 0.04807692307692308 0.057692307692307696
0 0.11057692307692309 0.3497596153846154 0.05288461538461539 0.05528846153846154
1 0.04326923076923077 0.35697115384615385 0.04807692307692308 0.05048076923076923
1 0.4951923076923077 0.03245192307692308 0.06730769230769232 0.06490384615384616