0 0.168646080760095 0.47698744769874474 0.0395882818685669 0.06415620641562064
0 0.28939034045922407 0.26638772663877264 0.0166270783847981 0.03626220362622036
0 0.31749802058590654 0.2691771269177127 0.017418844022169436 0.03347280334728033
0 0.33016627078384797 0.21478382147838215 0.014251781472684084 0.030683403068340307
0 0.3436262866191607 0.21269177126917713 0.01583531274742676 0.026499302649930265
0 0.34481393507521774 0.2419804741980474 0.018210609659540775 0.03765690376569038
0 0.36104513064133015 0.2524407252440725 0.019002375296912115 0.03626220362622036
0 0.37133808392715756 0.2315202231520223 0.017418844022169436 0.030683403068340307
0 0.392319873317498 0.27824267782426776 0.021377672209026127 0.043235704323570434
0 0.3962787015043547 0.2308228730822873 0.018210609659540775 0.03207810320781032
0 0.38677751385589865 0.25592747559274753 0.021377672209026127 0.03207810320781032
0 0.40577988915281077 0.19246861924686193 0.013460015835312747 0.02510460251046025
0 0.4204275534441805 0.18131101813110181 0.012668250197941409 0.02510460251046025
0 0.44259699129057795 0.14714086471408647 0.011084718923198733 0.02092050209205021
0 0.448535233570863 0.1631799163179916 0.011876484560570071 0.022315202231520222
0 0.4627870150435471 0.1603905160390516 0.013460015835312747 0.022315202231520222
0 0.44972288202692 0.18619246861924685 0.012668250197941409 0.026499302649930265
0 0.45209817893903403 0.20502092050209203 0.01583531274742676 0.02789400278940028
0 0.45803642121931903 0.22942817294281728 0.0166270783847981 0.03765690376569038
0 0.4833729216152019 0.13807531380753138 0.011876484560570071 0.019525801952580194
0 0.4904988123515439 0.15202231520223153 0.011876484560570071 0.022315202231520222
0 0.503562945368171 0.13389121338912133 0.009501187648456057 0.019525801952580194
0 0.5091053048297703 0.18131101813110181 0.01583531274742676 0.03347280334728033
0 0.5146476642913698 0.15481171548117154 0.012668250197941409 0.02789400278940028
0 0.5209817893903405 0.14574616457461645 0.012668250197941409 0.023709902370990237
0 0.5407759303246239 0.1290097629009763 0.011084718923198733 0.023709902370990237
0 0.5506730007917656 0.10739191073919108 0.010292953285827395 0.02510460251046025
0 0.5538400633412509 0.14086471408647142 0.011876484560570071 0.022315202231520222
0 0.5459224069675376 0.15829846582984658 0.013460015835312747 0.029288702928870293
0 0.5617577197149644 0.12691771269177127 0.011876484560570071 0.02510460251046025
0 0.5847189231987332 0.12203626220362622 0.013460015835312747 0.026499302649930265
0 0.5756136183689627 0.14435146443514643 0.014251781472684084 0.023709902370990237
0 0.5752177355502771 0.1701534170153417 0.015043547110055422 0.03347280334728033
0 0.5886777513855899 0.10251046025104602 0.010292953285827395 0.01813110181311018
0 0.6049089469517023 0.09902370990237098 0.011084718923198733 0.022315202231520222
0 0.6057007125890737 0.12552301255230125 0.012668250197941409 0.02510460251046025
0 0.6417260490894695 0.09205020920502091 0.010292953285827395 0.022315202231520222
0 0.6361836896278701 0.11366806136680613 0.011876484560570071 0.02092050209205021
0 0.6377672209026128 0.13598326359832635 0.013460015835312747 0.023709902370990237
0 0.6247030878859857 0.14783821478382148 0.014251781472684084 0.02789400278940028
0 0.6587490102929533 0.099721059972106 0.011084718923198733 0.023709902370990237
0 0.6908155186064925 0.10808926080892607 0.010292953285827395 0.023709902370990237
0 0.6678543151227236 0.12273361227336123 0.011876484560570071 0.022315202231520222
0 0.7375296912114014 0.10878661087866108 0.011876484560570071 0.022315202231520222
0 0.7802850356294536 0.11297071129707112 0.008709422011084718 0.02510460251046025
0 0.8036421219319081 0.12273361227336123 0.012668250197941409 0.02789400278940028
0 0.8234362628661915 0.12203626220362622 0.012668250197941409 0.023709902370990237
0 0.8665874901029295 0.12831241283124128 0.010292953285827395 0.022315202231520222
0 0.8998416468725257 0.13668061366806136 0.011876484560570071 0.02789400278940028
0 0.8907363420427553 0.15341701534170152 0.012668250197941409 0.02789400278940028
0 0.8867775138558986 0.18410041841004182 0.014251781472684084 0.02789400278940028
0 0.8590657165479018 0.1499302649930265 0.014251781472684084 0.026499302649930265
0 0.8463974663499604 0.1589958158995816 0.012668250197941409 0.02789400278940028
0 0.8412509897070467 0.18131101813110181 0.015043547110055422 0.02789400278940028
0 0.8103721298495645 0.1596931659693166 0.015043547110055422 0.029288702928870293
0 0.8693586698337292 0.22803347280334726 0.01583531274742676 0.043235704323570434
0 0.8206650831353919 0.20502092050209203 0.0166270783847981 0.03347280334728033
0 0.8515439429928741 0.2601115760111576 0.021377672209026127 0.048814504881450484
0 0.9259699129057798 0.1589958158995816 0.011876484560570071 0.030683403068340307
0 0.9125098970704671 0.2203626220362622 0.013460015835312747 0.030683403068340307
0 0.9176563737133808 0.20711297071129706 0.014251781472684084 0.029288702928870293
0 0.9164687252573238 0.27475592747559274 0.01979414093428345 0.03626220362622036
0 0.8820269200316706 0.29567642956764295 0.025336500395882817 0.044630404463040445
0 0.8297703879651622 0.2907949790794979 0.022169437846397466 0.043235704323570434
0 0.8087885985748218 0.25174337517433754 0.01979414093428345 0.03486750348675035
0 0.7719714964370546 0.20920502092050208 0.017418844022169436 0.03626220362622036
0 0.7648456057007126 0.2928870292887029 0.023752969121140142 0.05299860529986053
0 0.8250197941409343 0.3612273361227336 0.026920031670625493 0.061366806136680614
0 0.8828186856690419 0.4218967921896792 0.0332541567695962 0.07670850767085076
0 0.5419635787806809 0.28870292887029286 0.02929532858273951 0.0502092050209205
0 0.5550277117973079 0.23430962343096234 0.02058590657165479 0.04184100418410042
0 0.5969912905779889 0.24616457461645747 0.02058590657165479 0.043235704323570434
0 0.5993665874901029 0.21269177126917713 0.02058590657165479 0.03486750348675035
0 0.6290577988915281 0.30404463040446306 0.024544734758511478 0.044630404463040445
0 0.668646080760095 0.2601115760111576 0.024544734758511478 0.05160390516039051
0 0.6528107680126682 0.22733612273361226 0.01979414093428345 0.04184100418410042
0 0.6888361045130641 0.25662482566248257 0.019002375296912115 0.030683403068340307
0 0.7454473475851148 0.23430962343096234 0.021377672209026127 0.05299860529986053
0 0.6773555027711797 0.18898186889818688 0.018210609659540775 0.040446304044630406
0 0.6892319873317497 0.16248256624825663 0.0166270783847981 0.029288702928870293
0 0.716547901821061 0.1589958158995816 0.01583531274742676 0.02789400278940028
0 0.727236737925574 0.18479776847977683 0.01979414093428345 0.03486750348675035
0 0.7438638163103721 0.14504881450488144 0.013460015835312747 0.030683403068340307
0 0.7351543942992874 0.13598326359832635 0.015043547110055422 0.026499302649930265
0 0.7767220902612826 0.17503486750348674 0.01583531274742676 0.026499302649930265
0 0.7949326999208234 0.18758716875871687 0.017418844022169436 0.03207810320781032
0 0.7521773555027711 0.1792189679218968 0.019002375296912115 0.03765690376569038