1 0.7536057692307693 0.5349397590361447 0.03605769230769231 0.04337349397590362
1 0.6286057692307693 0.519277108433735 0.040865384615384616 0.055421686746987955
1 0.5228365384615384 0.5349397590361447 0.026442307692307696 0.03855421686746988
1 0.3762019230769231 0.5253012048192771 0.03605769230769231 0.04337349397590362
0 0.05168269230769231 0.5228915662650603 0.040865384615384616 0.04819277108433735
0 0.1514423076923077 0.5048192771084338 0.0625 0.07951807228915664
0 0.24158653846153846 0.5204819277108435 0.03605769230769231 0.04337349397590362
0 0.30528846153846156 0.5168674698795181 0.05288461538461539 0.06506024096385543
0 0.41466346153846156 0.5156626506024097 0.04567307692307693 0.06265060240963856
0 0.4447115384615385 0.5204819277108435 0.028846153846153848 0.04337349397590362
0 0.5492788461538461 0.5373493975903615 0.03125 0.04819277108433735