0 0.0625 0.5024038461538461 0.028846153846153848 0.03365384615384616
0 0.125 0.48557692307692313 0.03365384615384616 0.03365384615384616
0 0.47355769230769235 0.49399038461538464 0.019230769230769232 0.021634615384615384
0 0.9435096153846154 0.48197115384615385 0.05048076923076923 0.04567307692307693
0 0.733173076923077 0.4795673076923077 0.028846153846153848 0.03605769230769231
0 0.609375 0.47836538461538464 0.026442307692307696 0.03365384615384616
0 0.5901442307692308 0.48197115384615385 0.021634615384615384 0.026442307692307696
0 0.5685096153846154 0.4831730769230769 0.01682692307692308 0.028846153846153848
0 0.5480769230769231 0.4867788461538462 0.02403846153846154 0.026442307692307696
1 0.1826923076923077 0.4723557692307693 0.057692307692307696 0.06009615384615385
1 0.234375 0.46274038461538464 0.05048076923076923 0.06490384615384616
1 0.3125 0.48197115384615385 0.057692307692307696 0.07451923076923077
1 0.40625 0.4567307692307693 0.05288461538461539 0.0625
1 0.5180288461538461 0.4675480769230769 0.04567307692307693 0.06009615384615385
1 0.6430288461538461 0.4723557692307693 0.04567307692307693 0.06490384615384616
1 0.6947115384615385 0.4603365384615385 0.038461538461538464 0.06009615384615385