1 0.481 0.30873493975903615 0.05 0.11746987951807229
1 0.513 0.2816265060240964 0.046 0.13554216867469882
1 0.558 0.2816265060240964 0.08 0.1536144578313253
1 0.5680000000000001 0.14759036144578314 0.044 0.0783132530120482
1 0.644 0.21536144578313254 0.052000000000000005 0.13554216867469882
1 0.717 0.1641566265060241 0.134 0.25
1 0.873 0.286144578313253 0.198 0.31927710843373497
1 0.8270000000000001 0.16716867469879518 0.094 0.13554216867469882
1 0.978 0.213855421686747 0.04 0.18674698795180725
0 0.194 0.18825301204819278 0.148 0.3042168674698795
0 0.07100000000000001 0.2680722891566265 0.058 0.09036144578313253
0 0.266 0.177710843373494 0.084 0.19879518072289157