1 0.12139423076923078 0.06024096385542169 0.07451923076923077 0.08674698795180724
1 0.2199519230769231 0.08072289156626507 0.07932692307692309 0.09879518072289158
1 0.3497596153846154 0.04337349397590362 0.08413461538461539 0.08674698795180724
0 0.5528846153846154 0.12168674698795182 0.028846153846153848 0.03132530120481928
1 0.5240384615384616 0.04337349397590362 0.09615384615384616 0.08674698795180724
1 0.7079326923076924 0.0855421686746988 0.05048076923076923 0.08433734939759037
1 0.7752403846153847 0.045783132530120486 0.09855769230769232 0.09156626506024097
1 0.9122596153846154 0.13734939759036147 0.021634615384615384 0.033734939759036145
1 0.9122596153846154 0.1987951807228916 0.021634615384615384 0.03132530120481928
1 0.12259615384615385 0.27710843373493976 0.07211538461538462 0.07710843373493977
1 0.22115384615384617 0.25542168674698795 0.07692307692307693 0.08674698795180724
1 0.35336538461538464 0.3024096385542169 0.09134615384615385 0.09879518072289158
0 0.5528846153846154 0.2168674698795181 0.02403846153846154 0.033734939759036145
1 0.5276442307692308 0.3060240963855422 0.09375 0.10602409638554218
0 0.6742788461538461 0.20120481927710845 0.021634615384615384 0.026506024096385545
0 0.7367788461538461 0.2132530120481928 0.01682692307692308 0.026506024096385545
1 0.7079326923076924 0.25060240963855424 0.05048076923076923 0.07228915662650603
1 0.7752403846153847 0.30361445783132535 0.09855769230769232 0.11084337349397591