0 0.8497596153846154 0.3617788461538462 0.11298076923076923 0.12740384615384617
0 0.7319711538461539 0.34615384615384615 0.0889423076923077 0.10096153846153846
0 0.6069711538461539 0.359375 0.06971153846153846 0.07932692307692309
0 0.5060096153846154 0.3810096153846154 0.06009615384615385 0.07451923076923077
0 0.41947115384615385 0.38822115384615385 0.06971153846153846 0.0889423076923077
0 0.21274038461538464 0.32572115384615385 0.09375 0.10336538461538462
0 0.08173076923076923 0.3245192307692308 0.16346153846153846 0.21153846153846156
0 0.08052884615384616 0.10817307692307693 0.16105769230769232 0.21634615384615385
0 0.21514423076923078 0.10697115384615385 0.09375 0.10336538461538462
0 0.4182692307692308 0.04927884615384616 0.06730769230769232 0.07932692307692309
0 0.5060096153846154 0.05168269230769231 0.06009615384615385 0.07451923076923077
0 0.608173076923077 0.06971153846153846 0.06730769230769232 0.09134615384615385
0 0.734375 0.08533653846153846 0.0889423076923077 0.10336538461538462
0 0.8533653846153847 0.07932692307692309 0.11538461538461539 0.1201923076923077