0 0.08899821109123435 0.2702922077922078 0.01699463327370304 0.040584415584415584
0 0.2634168157423971 0.3944805194805195 0.04740608228980322 0.10064935064935066
0 0.29695885509839 0.16720779220779222 0.014311270125223614 0.03571428571428572
0 0.29203935599284436 0.22646103896103897 0.018783542039355994 0.040584415584415584
0 0.32513416815742396 0.2280844155844156 0.020572450805008944 0.040584415584415584
0 0.36985688729874777 0.17613636363636365 0.022361359570661897 0.04383116883116883
0 0.3868515205724508 0.1996753246753247 0.020572450805008944 0.048701298701298704
0 0.4136851520572451 0.20941558441558442 0.024150268336314847 0.045454545454545456
0 0.47093023255813954 0.14042207792207792 0.020572450805008944 0.04383116883116883
0 0.5304114490161002 0.05925324675324676 0.012522361359570662 0.021103896103896104
0 0.6332737030411449 0.13717532467532467 0.016100178890876567 0.030844155844155847
0 0.6529516994633274 0.1168831168831169 0.014311270125223614 0.029220779220779224
0 0.6533989266547406 0.137987012987013 0.01699463327370304 0.03571428571428572
0 0.6699463327370304 0.06006493506493507 0.016100178890876567 0.03246753246753247
0 0.748211091234347 0.13392857142857142 0.01520572450805009 0.03733766233766234
0 0.7634168157423972 0.14204545454545456 0.01699463327370304 0.034090909090909095
0 0.8103756708407871 0.24675324675324678 0.021466905187835422 0.05844155844155845
0 0.8591234347048301 0.18912337662337664 0.013416815742397137 0.03733766233766234
0 0.8805903398926654 0.2532467532467533 0.01699463327370304 0.048701298701298704
0 0.9132379248658319 0.25243506493506496 0.021466905187835422 0.040584415584415584
0 0.9279964221824687 0.1858766233766234 0.01520572450805009 0.03733766233766234