1 0.8088942307692308 0.38461538461538464 0.05528846153846154 0.0625
0 0.6586538461538461 0.46153846153846156 0.028846153846153848 0.03365384615384616
0 0.5841346153846154 0.4639423076923077 0.03365384615384616 0.038461538461538464
0 0.4867788461538462 0.46274038461538464 0.03605769230769231 0.04567307692307693
0 0.4254807692307693 0.4951923076923077 0.019230769230769232 0.02403846153846154
0 0.37259615384615385 0.484375 0.028846153846153848 0.03605769230769231
0 0.3317307692307693 0.4747596153846154 0.038461538461538464 0.06009615384615385
0 0.2872596153846154 0.4903846153846154 0.021634615384615384 0.03365384615384616
1 0.16346153846153846 0.4795673076923077 0.05288461538461539 0.06971153846153846
0 0.11418269230769232 0.5036057692307693 0.01682692307692308 0.026442307692307696
0 0.08533653846153846 0.4963942307692308 0.03125 0.04567307692307693
1 0.05288461538461539 0.5024038461538461 0.028846153846153848 0.04326923076923077
0 0.7740384615384616 0.4603365384615385 0.014423076923076924 0.026442307692307696