0 0.17355043685464652 0.2577247191011236 0.011914217633042096 0.03230337078651685
0 0.2764098490865766 0.30617977528089885 0.03335980937251787 0.0702247191011236
0 0.3129467831612391 0.2422752808988764 0.02382843526608419 0.043539325842696625
0 0.295472597299444 0.2696629213483146 0.015885623510722795 0.025280898876404494
0 0.34114376489277204 0.24157303370786515 0.023034154090548053 0.0449438202247191
0 0.35901509134233517 0.21067415730337077 0.022239872915011914 0.03651685393258427
0 0.3872120730738681 0.2148876404494382 0.024622716441620333 0.05056179775280899
0 0.3586179507545671 0.348314606741573 0.04209690230341541 0.08146067415730338
0 0.4241461477362986 0.1973314606741573 0.025416997617156472 0.046348314606741575
0 0.47378872120730736 0.2521067415730337 0.02938840349483717 0.0547752808988764
0 0.5782366957903098 0.300561797752809 0.02382843526608419 0.042134831460674156