1 0.1921875 0.26956521739130435 0.053125000000000006 0.09565217391304348
1 0.21953125 0.3706521739130435 0.06406250000000001 0.1108695652173913
1 0.328125 0.34456521739130436 0.06875 0.11956521739130435
1 0.44453125000000004 0.3239130434782609 0.060937500000000006 0.10869565217391304
1 0.5476562500000001 0.32717391304347826 0.0703125 0.11521739130434783
1 0.6820312500000001 0.33804347826086956 0.0578125 0.10652173913043478
1 0.9007812500000001 0.31195652173913047 0.0546875 0.09782608695652174
1 0.9515625000000001 0.3358695652173913 0.03125 0.041304347826086954
1 0.29453125 0.1565217391304348 0.0203125 0.0391304347826087
1 0.3359375 0.14673913043478262 0.025 0.03695652173913044
0 0.93515625 0.35108695652173916 0.0234375 0.041304347826086954