0 0.17015285599356395 0.4831697054698457 0.04424778761061947 0.06591865357643759
0 0.29324215607401444 0.2643758765778401 0.02172164119066774 0.04067321178120617
0 0.3089300080450523 0.22230014025245443 0.016090104585679804 0.02664796633941094
0 0.33467417538213995 0.22510518934081347 0.019308125502815767 0.029453015427769985
0 0.3600160901045857 0.21528751753155678 0.016894609814963796 0.02664796633941094
0 0.3700724054706355 0.24544179523141654 0.017699115044247787 0.033660589060308554
0 0.3254223652453741 0.26718092566619916 0.02172164119066774 0.03506311360448808
0 0.3966210780370072 0.2496493688639551 0.02252614641995173 0.0364656381486676
0 0.3930008045052293 0.28190743338008417 0.02654867256637168 0.05049088359046283
0 0.38495575221238937 0.22019635343618513 0.016894609814963796 0.030855539971949508
0 0.40225261464199513 0.2187938288920056 0.017699115044247787 0.03927068723702665
0 0.413113435237329 0.19424964936886396 0.016894609814963796 0.037868162692847124
0 0.4392598551890587 0.16549789621318373 0.012872083668543845 0.030855539971949508
0 0.4497184231697506 0.17251051893408134 0.014481094127111824 0.025245441795231416
0 0.4581657280772325 0.1388499298737728 0.013676588897827835 0.030855539971949508
0 0.47666934835076424 0.14305750350631136 0.012067578439259855 0.025245441795231416
0 0.48551890587288815 0.1388499298737728 0.013676588897827835 0.030855539971949508
0 0.5140788415124699 0.1311360448807854 0.012872083668543845 0.02664796633941094
0 0.5321802091713596 0.1276297335203366 0.012067578439259855 0.025245441795231416
0 0.5695897023330652 0.11150070126227209 0.012872083668543845 0.02664796633941094
0 0.5937248592115848 0.10659186535764376 0.016090104585679804 0.028050490883590462
0 0.5663716814159292 0.1332398316970547 0.016090104585679804 0.0364656381486676
0 0.5233306516492356 0.1563814866760168 0.016894609814963796 0.029453015427769985
0 0.5370072405470635 0.17601683029453014 0.024939662107803698 0.029453015427769985
0 0.5088495575221239 0.18723702664796632 0.02172164119066774 0.037868162692847124
0 0.4485116653258246 0.21458625525946703 0.023330651649235718 0.03927068723702665
0 0.4738535800482703 0.24333800841514724 0.02735317779565567 0.04067321178120617
0 0.5880933226065969 0.16129032258064516 0.020917135961383747 0.0364656381486676
0 0.6122284794851166 0.13955119214586253 0.017699115044247787 0.037868162692847124
0 0.6194690265486725 0.105890603085554 0.011263073209975865 0.021037868162692847
0 0.6267095736122285 0.09046283309957924 0.012872083668543845 0.021037868162692847
0 0.6452131938857603 0.09607293127629733 0.014481094127111824 0.021037868162692847
0 0.6488334674175382 0.1276297335203366 0.018503620273531775 0.02244039270687237
0 0.6729686242960579 0.09396914446002805 0.013676588897827835 0.019635343618513323
0 0.6769911504424778 0.11991584852734923 0.016894609814963796 0.03506311360448808
0 0.6950925181013676 0.09957924263674614 0.012872083668543845 0.016830294530154277
0 0.7546259050683829 0.10799438990182328 0.016090104585679804 0.028050490883590462
0 0.7956556717618664 0.105890603085554 0.011263073209975865 0.02664796633941094
0 0.8173773129525341 0.11781206171107994 0.012872083668543845 0.030855539971949508
0 0.8419147224456959 0.12833099579242635 0.013676588897827835 0.029453015427769985
0 0.8479485116653258 0.12131837307152875 0.011263073209975865 0.02664796633941094
0 0.8793242156074014 0.13043478260869565 0.012872083668543845 0.028050490883590462
0 0.8724859211584874 0.1458625525946704 0.013676588897827835 0.033660589060308554
0 0.8612228479485116 0.15568022440392706 0.018503620273531775 0.03927068723702665
0 0.825422365245374 0.15918653576437586 0.017699115044247787 0.03506311360448808
0 0.7855993563958166 0.1514726507713885 0.015285599356395816 0.03927068723702665
0 0.8061142397425582 0.1774193548387097 0.017699115044247787 0.03506311360448808
0 0.7276749798873692 0.12903225806451613 0.016894609814963796 0.030855539971949508
0 0.746580852775543 0.14165497896213183 0.017699115044247787 0.033660589060308554
0 0.7349155269509251 0.17391304347826086 0.02011263073209976 0.033660589060308554
0 0.6926790024135157 0.15568022440392706 0.017699115044247787 0.025245441795231416
0 0.6926790024135157 0.18513323983169705 0.017699115044247787 0.03927068723702665
0 0.7067578439259855 0.21528751753155678 0.02172164119066774 0.04908835904628331
0 0.6749798873692678 0.22019635343618513 0.020917135961383747 0.033660589060308554
0 0.6665325824617859 0.258765778401122 0.024939662107803698 0.043478260869565216
0 0.6255028157683025 0.20476858345021037 0.018503620273531775 0.04488078541374474
0 0.6130329847144006 0.2426367461430575 0.02574416733708769 0.047685834502103785
0 0.5683829444891392 0.24684431977559607 0.024939662107803698 0.03927068723702665
0 0.5386162510056315 0.29593267882187935 0.031375703942075624 0.056100981767180924
0 0.6134352373290426 0.3225806451612903 0.031375703942075624 0.05329593267882188
0 0.7558326629123089 0.22510518934081347 0.024939662107803698 0.05750350631136045
0 0.7831858407079646 0.1984572230014025 0.015285599356395816 0.037868162692847124
0 0.7731295253419147 0.28541374474053294 0.02735317779565567 0.051893408134642355
0 0.8238133547868061 0.2517531556802244 0.020917135961383747 0.043478260869565216
0 0.8399034593724859 0.21037868162692847 0.017699115044247787 0.030855539971949508
0 0.913515687851971 0.13464235624123422 0.013676588897827835 0.028050490883590462
0 0.9066773934030571 0.14866760168302945 0.016090104585679804 0.033660589060308554
0 0.9392598551890586 0.15287517531556802 0.015285599356395816 0.028050490883590462
0 0.8982300884955752 0.18022440392706873 0.016894609814963796 0.03225806451612903
0 0.8797264682220434 0.21248246844319774 0.015285599356395816 0.03506311360448808
0 0.9283990345937247 0.22791023842917252 0.019308125502815767 0.043478260869565216
0 0.9400643604183426 0.20196353436185133 0.016894609814963796 0.033660589060308554
0 0.8930008045052292 0.2503506311360449 0.02413515687851971 0.04067321178120617
0 0.8576025744167337 0.2861150070126227 0.02735317779565567 0.04488078541374474
0 0.913113435237329 0.32748948106591863 0.02413515687851971 0.0546984572230014
0 0.8177795655671761 0.35694249649368864 0.036202735317779566 0.06591865357643759
0 0.8849557522123893 0.41304347826086957 0.03700724054706355 0.07152875175315568