0 0.48197115384615385 0.31490384615384615 0.040865384615384616 0.04807692307692308
0 0.4795673076923077 0.11899038461538462 0.05048076923076923 0.05528846153846154
0 0.23076923076923078 0.33293269230769235 0.05288461538461539 0.06971153846153846
0 0.171875 0.3786057692307693 0.06971153846153846 0.0889423076923077
0 0.07211538461538462 0.3341346153846154 0.08173076923076923 0.05288461538461539
0 0.0889423076923077 0.39903846153846156 0.07692307692307693 0.11057692307692309
0 0.03245192307692308 0.4182692307692308 0.06490384615384616 0.12980769230769232
0 0.9795673076923077 0.4591346153846154 0.03605769230769231 0.15384615384615385
0 0.9170673076923077 0.42307692307692313 0.09375 0.12980769230769232
0 0.7908653846153847 0.3665865384615385 0.07692307692307693 0.10336538461538462
0 0.7439903846153847 0.36778846153846156 0.03605769230769231 0.08653846153846154
0 0.8545673076923077 0.33774038461538464 0.06009615384615385 0.06490384615384616
0 0.234375 0.09615384615384616 0.06009615384615385 0.07692307692307693
0 0.17067307692307693 0.058894230769230775 0.07211538461538462 0.0889423076923077
0 0.07692307692307693 0.09855769230769232 0.08173076923076923 0.05288461538461539
0 0.09495192307692309 0.03485576923076923 0.06490384615384616 0.06971153846153846
0 0.03365384615384616 0.038461538461538464 0.06730769230769232 0.07692307692307693
0 0.7151442307692308 0.11538461538461539 0.06009615384615385 0.06730769230769232
0 0.7475961538461539 0.06850961538461539 0.038461538461538464 0.08413461538461539
0 0.795673076923077 0.06730769230769232 0.09134615384615385 0.10576923076923078
0 0.8533653846153847 0.09254807692307693 0.06730769230769232 0.06490384615384616
0 0.921875 0.038461538461538464 0.09855769230769232 0.07692307692307693