0 0.09495192307692309 0.3445783132530121 0.1514423076923077 0.17349397590361448
1 0.4759615384615385 0.3566265060240964 0.08173076923076923 0.10602409638554218
1 0.5949519230769231 0.3963855421686747 0.06009615384615385 0.06987951807228916
1 0.7067307692307693 0.3783132530120482 0.0625 0.08674698795180724
1 0.8689903846153847 0.3566265060240964 0.0889423076923077 0.0963855421686747
1 0.9459134615384616 0.3746987951807229 0.06971153846153846 0.0746987951807229
1 0.34855769230769235 0.3795180722891567 0.057692307692307696 0.07951807228915664
1 0.2091346153846154 0.3674698795180723 0.09615384615384616 0.13253012048192772
0 0.2644230769230769 0.4228915662650603 0.028846153846153848 0.026506024096385545
0 0.6418269230769231 0.4132530120481928 0.019230769230769232 0.026506024096385545
0 0.8088942307692308 0.41807228915662653 0.026442307692307696 0.03614457831325302
0 0.4362980769230769 0.4012048192771085 0.021634615384615384 0.02168674698795181
0 0.8605769230769231 0.5506024096385542 0.16346153846153846 0.47951807228915666
0 0.9543269230769231 0.5481927710843374 0.08653846153846154 0.4313253012048193