0 0.07058823529411765 0.28721374045801523 0.03208556149732621 0.055343511450381674
0 0.2770053475935829 0.21564885496183206 0.019251336898395723 0.030534351145038167
0 0.2882352941176471 0.23664122137404578 0.016042780748663103 0.030534351145038167
0 0.3160427807486631 0.22709923664122136 0.01818181818181818 0.03816793893129771
0 0.32887700534759357 0.2013358778625954 0.013903743315508022 0.04007633587786259
0 0.34598930481283424 0.22709923664122136 0.016042780748663103 0.04198473282442748
0 0.3497326203208556 0.25763358778625955 0.021390374331550804 0.04580152671755725
0 0.3577540106951872 0.18893129770992365 0.01818181818181818 0.04198473282442748
0 0.3775401069518717 0.20610687022900762 0.012834224598930482 0.03816793893129771
0 0.38288770053475935 0.17175572519083968 0.014973262032085561 0.030534351145038167
0 0.4181818181818182 0.15553435114503816 0.014973262032085561 0.03244274809160305
0 0.4299465240641711 0.14885496183206107 0.012834224598930482 0.030534351145038167
0 0.4203208556149733 0.19942748091603052 0.014973262032085561 0.04389312977099236
0 0.4101604278074866 0.23473282442748092 0.01818181818181818 0.03816793893129771
0 0.4272727272727273 0.24427480916030533 0.020320855614973262 0.04198473282442748
0 0.44331550802139036 0.1984732824427481 0.013903743315508022 0.03435114503816794
0 0.4561497326203209 0.1851145038167939 0.011764705882352941 0.030534351145038167
0 0.4449197860962567 0.16030534351145037 0.014973262032085561 0.030534351145038167
0 0.48502673796791446 0.18416030534351144 0.020320855614973262 0.03244274809160305
0 0.47807486631016044 0.20515267175572519 0.019251336898395723 0.03625954198473282
0 0.4807486631016043 0.12786259541984732 0.011764705882352941 0.022900763358778626
0 0.48823529411764705 0.14217557251908397 0.013903743315508022 0.02862595419847328
0 0.5058823529411764 0.11545801526717557 0.012834224598930482 0.02480916030534351
0 0.5181818181818182 0.14694656488549618 0.011764705882352941 0.026717557251908396
0 0.5235294117647059 0.1269083969465649 0.009625668449197862 0.02480916030534351
0 0.5310160427807487 0.17366412213740456 0.011764705882352941 0.030534351145038167
0 0.5390374331550802 0.15171755725190839 0.014973262032085561 0.02862595419847328
0 0.5561497326203209 0.13549618320610687 0.012834224598930482 0.030534351145038167
0 0.5647058823529412 0.12022900763358778 0.010695187165775402 0.022900763358778626
0 0.5566844919786096 0.1784351145038168 0.016042780748663103 0.04389312977099236
0 0.5775401069518716 0.15362595419847327 0.012834224598930482 0.03244274809160305
0 0.5839572192513369 0.13358778625954199 0.014973262032085561 0.026717557251908396
0 0.6058823529411765 0.10782442748091603 0.009625668449197862 0.02862595419847328
0 0.6058823529411765 0.1364503816793893 0.016042780748663103 0.02862595419847328
0 0.6352941176470588 0.11259541984732824 0.008556149732620321 0.026717557251908396
0 0.6411764705882353 0.1316793893129771 0.011764705882352941 0.026717557251908396
0 0.6524064171122995 0.15171755725190839 0.012834224598930482 0.03244274809160305
0 0.6577540106951871 0.13358778625954199 0.010695187165775402 0.026717557251908396
0 0.6545454545454545 0.11068702290076335 0.010695187165775402 0.030534351145038167
0 0.6834224598930482 0.12309160305343511 0.012834224598930482 0.02480916030534351
0 0.6844919786096257 0.10973282442748092 0.010695187165775402 0.02480916030534351
0 0.7128342245989305 0.10400763358778625 0.011764705882352941 0.02480916030534351
0 0.6144385026737968 0.15935114503816794 0.016042780748663103 0.04007633587786259
0 0.6679144385026738 0.18129770992366412 0.016042780748663103 0.03435114503816794
0 0.5951871657754011 0.21851145038167938 0.020320855614973262 0.03625954198473282
0 0.6454545454545455 0.23377862595419846 0.020320855614973262 0.047709923664122134
0 0.6491978609625668 0.20038167938931298 0.017112299465240642 0.03435114503816794
0 0.6887700534759359 0.22041984732824427 0.021390374331550804 0.03625954198473282
0 0.6946524064171123 0.26622137404580154 0.022459893048128343 0.04389312977099236
0 0.7042780748663102 0.30725190839694655 0.028877005347593583 0.07251908396946564
0 0.7149732620320856 0.183206106870229 0.016042780748663103 0.03435114503816794
0 0.7379679144385027 0.14217557251908397 0.012834224598930482 0.03244274809160305
0 0.7508021390374332 0.1564885496183206 0.017112299465240642 0.03816793893129771
0 0.7534759358288771 0.1984732824427481 0.01818181818181818 0.03816793893129771
0 0.7245989304812834 0.24236641221374045 0.020320855614973262 0.03816793893129771
0 0.7604278074866311 0.25572519083969464 0.021390374331550804 0.04580152671755725
0 0.7679144385026738 0.34923664122137404 0.027807486631016044 0.0648854961832061
0 0.8090909090909091 0.2833969465648855 0.020320855614973262 0.051526717557251904
0 0.7748663101604278 0.12022900763358778 0.011764705882352941 0.026717557251908396
0 0.8042780748663102 0.13549618320610687 0.012834224598930482 0.022900763358778626
0 0.8016042780748663 0.1631679389312977 0.016042780748663103 0.02480916030534351
0 0.8037433155080214 0.20038167938931298 0.016042780748663103 0.03816793893129771
0 0.8165775401069519 0.1898854961832061 0.016042780748663103 0.03625954198473282
0 0.8352941176470589 0.16603053435114504 0.014973262032085561 0.03435114503816794
0 0.8299465240641711 0.13549618320610687 0.010695187165775402 0.019083969465648856
0 0.8475935828877006 0.15076335877862596 0.011764705882352941 0.030534351145038167
0 0.8647058823529412 0.14694656488549618 0.011764705882352941 0.026717557251908396
0 0.8390374331550803 0.24427480916030533 0.020320855614973262 0.04198473282442748
0 0.8588235294117648 0.2166030534351145 0.017112299465240642 0.04389312977099236
0 0.8951871657754011 0.22900763358778625 0.014973262032085561 0.04198473282442748
0 0.879144385026738 0.17270992366412213 0.014973262032085561 0.03244274809160305
0 0.8828877005347594 0.16221374045801526 0.013903743315508022 0.030534351145038167
0 0.9197860962566845 0.14408396946564886 0.012834224598930482 0.03244274809160305
0 0.9181818181818182 0.17461832061068702 0.011764705882352941 0.03244274809160305
0 0.9085561497326203 0.1946564885496183 0.016042780748663103 0.03435114503816794
0 0.8978609625668449 0.2099236641221374 0.013903743315508022 0.03816793893129771
0 0.9411764705882353 0.24236641221374045 0.019251336898395723 0.05343511450381679
0 0.9454545454545454 0.20229007633587787 0.012834224598930482 0.03435114503816794
0 0.9609625668449198 0.18893129770992365 0.013903743315508022 0.030534351145038167
0 0.9529411764705883 0.17366412213740456 0.012834224598930482 0.026717557251908396
0 0.9208556149732621 0.3291984732824427 0.025668449197860963 0.06297709923664122