1 0.20793269230769232 0.37980769230769235 0.08413461538461539 0.11057692307692309
1 0.3028846153846154 0.4086538461538462 0.07211538461538462 0.07692307692307693
1 0.4050480769230769 0.40024038461538464 0.06490384615384616 0.07451923076923077
1 0.4759615384615385 0.4074519230769231 0.038461538461538464 0.06971153846153846
1 0.5480769230769231 0.41105769230769235 0.04326923076923077 0.057692307692307696
1 0.7283653846153847 0.4098557692307693 0.08173076923076923 0.10817307692307693
1 0.7247596153846154 0.042067307692307696 0.08413461538461539 0.08413461538461539
1 0.5432692307692308 0.026442307692307696 0.04326923076923077 0.05288461538461539
1 0.47355769230769235 0.028846153846153848 0.05288461538461539 0.057692307692307696
1 0.4086538461538462 0.03485576923076923 0.057692307692307696 0.06971153846153846
1 0.3040865384615385 0.03485576923076923 0.06971153846153846 0.06971153846153846
1 0.20673076923076925 0.05288461538461539 0.09134615384615385 0.10576923076923078
1 0.02403846153846154 0.026442307692307696 0.04807692307692308 0.05288461538461539
1 0.022836538461538464 0.41105769230769235 0.04567307692307693 0.05288461538461539