0 0.7367788461538461 0.04337349397590362 0.10817307692307693 0.08674698795180724
0 0.171875 0.35060240963855427 0.10817307692307693 0.11807228915662651
0 0.34855769230769235 0.33614457831325306 0.08173076923076923 0.10843373493975905
0 0.5661057692307693 0.3421686746987952 0.08413461538461539 0.0963855421686747
0 0.733173076923077 0.32168674698795185 0.11538461538461539 0.14216867469879518
0 0.8605769230769231 0.3626506024096386 0.07692307692307693 0.08433734939759037
0 0.9591346153846154 0.3421686746987952 0.04807692307692308 0.06746987951807229
0 0.983173076923077 0.30843373493975906 0.028846153846153848 0.11566265060240966
0 0.021634615384615384 0.3879518072289157 0.04326923076923077 0.05301204819277109
0 0.09134615384615385 0.3710843373493976 0.04807692307692308 0.05301204819277109
0 0.2403846153846154 0.3698795180722892 0.028846153846153848 0.03614457831325302
0 0.5180288461538461 0.3795180722891567 0.03605769230769231 0.055421686746987955
0 0.6442307692307693 0.3650602409638555 0.038461538461538464 0.045783132530120486
0 0.4639423076923077 0.3783132530120482 0.028846153846153848 0.033734939759036145
0 0.6802884615384616 0.3722891566265061 0.014423076923076924 0.02168674698795181
0 0.6153846153846154 0.3518072289156627 0.038461538461538464 0.06265060240963856
0 0.49759615384615385 0.3746987951807229 0.019230769230769232 0.03614457831325302