1 0.8583489681050657 0.550625 0.08818011257035648 0.06625
1 0.7551594746716698 0.533125 0.07317073170731707 0.043750000000000004
1 0.7579737335834896 0.483125 0.04878048780487805 0.03125
1 0.6932457786116323 0.455625 0.03189493433395872 0.02875
1 0.6538461538461539 0.42375 0.03189493433395872 0.0225
1 0.5966228893058161 0.424375 0.026266416510318948 0.01375
1 0.5694183864915572 0.46375 0.03189493433395872 0.0225
1 0.450281425891182 0.42375 0.03377110694183865 0.0225
1 0.4634146341463415 0.386875 0.0300187617260788 0.02125
1 0.35647279549718575 0.439375 0.04127579737335835 0.03125
1 0.06191369606003752 0.395625 0.03377110694183865 0.02625
1 0.04221388367729831 0.5437500000000001 0.07692307692307693 0.065