1 0.22734375 0.5672690763052208 0.045312500000000006 0.06626506024096385
1 0.31171875000000004 0.5963855421686747 0.035937500000000004 0.06024096385542168
1 0.39140625 0.570281124497992 0.0390625 0.0642570281124498
1 0.5515625000000001 0.5582329317269076 0.037500000000000006 0.0642570281124498
1 0.6468750000000001 0.538152610441767 0.037500000000000006 0.056224899598393566
1 0.728125 0.5421686746987951 0.040625 0.0642570281124498
0 0.47187500000000004 0.5622489959839357 0.03125 0.048192771084337345
0 0.51171875 0.5522088353413654 0.026562500000000003 0.04417670682730923
0 0.434375 0.538152610441767 0.025 0.03614457831325301
0 0.17343750000000002 0.5833333333333333 0.028125 0.04216867469879518
0 0.0890625 0.5993975903614457 0.03125 0.038152610441767064
0 0.057031250000000006 0.6345381526104417 0.0234375 0.03614457831325301
0 0.03125 0.7048192771084336 0.021875000000000002 0.0321285140562249
0 0.015625 0.6084337349397589 0.021875000000000002 0.0321285140562249
0 0.010937500000000001 0.6997991967871485 0.021875000000000002 0.038152610441767064
0 0.603125 0.5933734939759036 0.03125 0.04618473895582329
0 0.6781250000000001 0.570281124497992 0.025 0.0321285140562249
0 0.7578125 0.5562248995983935 0.025 0.03614457831325301
0 0.8265625000000001 0.571285140562249 0.028125 0.038152610441767064