0 0.1132906325060048 0.519872813990461 0.05204163330664531 0.10492845786963435
0 0.22818254603682944 0.25437201907790147 0.017614091273018412 0.05087440381558029
0 0.23899119295436347 0.25755166931637524 0.024819855884707764 0.04769475357710652
0 0.28342674139311447 0.2273449920508744 0.01921537229783827 0.04769475357710652
0 0.31184947958366693 0.22575516693163752 0.020016012810248198 0.05087440381558029
0 0.31585268214571655 0.20190779014308427 0.021617293835068052 0.044515103338632754
0 0.3406725380304243 0.212241653418124 0.020016012810248198 0.03656597774244833
0 0.35428342674139307 0.1987281399046105 0.016813450760608487 0.041335453100158986
0 0.3698959167333867 0.19157392686804453 0.017614091273018412 0.0397456279809221
0 0.37630104083266613 0.2527821939586646 0.02241793434747798 0.05405405405405406
0 0.40912730184147317 0.2273449920508744 0.020816653322658127 0.03815580286168522
0 0.42594075260208164 0.17170111287758347 0.016012810248198558 0.03497615262321145
0 0.4339471577261809 0.1589825119236884 0.014411529223378702 0.041335453100158986
0 0.44315452361889507 0.1796502384737679 0.01841473178542834 0.044515103338632754
0 0.4411529223378703 0.2917329093799682 0.025620496397117692 0.055643879173290944
0 0.4783827061649319 0.22813990461049286 0.021617293835068052 0.046104928457869634
0 0.4615692554043234 0.15421303656597776 0.016813450760608487 0.03497615262321145
0 0.4819855884707766 0.15977742448330684 0.016012810248198558 0.04292527821939587
0 0.499599679743795 0.143879173290938 0.014411529223378702 0.033386327503974564
0 0.5048038430744596 0.1947535771065183 0.01841473178542834 0.046104928457869634
0 0.5236188951160928 0.14626391096979333 0.017614091273018412 0.03815580286168522
0 0.5616493194555644 0.13195548489666137 0.016813450760608487 0.03815580286168522
0 0.566453162530024 0.14308426073131955 0.01841473178542834 0.03815580286168522
0 0.5352281825460368 0.22257551669316378 0.020016012810248198 0.03815580286168522
0 0.5812650120096077 0.12798092209856918 0.017614091273018412 0.03656597774244833
0 0.6008807045636508 0.12082670906200318 0.015212169735788629 0.031796502384737683
0 0.6120896717373898 0.14467408585055644 0.01841473178542834 0.03497615262321145
0 0.5860688550840673 0.1891891891891892 0.016012810248198558 0.044515103338632754
0 0.588070456365092 0.15977742448330684 0.020016012810248198 0.03656597774244833
0 0.6128903122497998 0.20111287758346583 0.020016012810248198 0.0397456279809221
0 0.6192954363490792 0.17011128775834658 0.015212169735788629 0.03815580286168522
0 0.6425140112089671 0.12162162162162163 0.015212169735788629 0.033386327503974564
0 0.654923939151321 0.14069952305246425 0.014411529223378702 0.0397456279809221
0 0.6685348278622898 0.12003179650238474 0.014411529223378702 0.033386327503974564
0 0.6649319455564451 0.1724960254372019 0.013610888710968775 0.033386327503974564
0 0.6733386709367494 0.21542130365659778 0.02241793434747798 0.04292527821939587
0 0.621297037630104 0.26391096979332274 0.025620496397117692 0.05405405405405406
0 0.5856685348278623 0.3163751987281399 0.028022417934347475 0.06041335453100159
0 0.6148919135308246 0.35135135135135137 0.02722177742193755 0.06041335453100159
0 0.6661329063250601 0.3767885532591415 0.028823058446757404 0.05405405405405406
0 0.6969575660528422 0.1327503974562798 0.016813450760608487 0.03656597774244833
0 0.6949559647718174 0.14626391096979333 0.016012810248198558 0.03815580286168522
0 0.7229783827061649 0.1494435612082671 0.01921537229783827 0.041335453100158986
0 0.6937550040032026 0.20508744038155804 0.02321857485988791 0.041335453100158986
0 0.7373899119295436 0.1947535771065183 0.016012810248198558 0.04292527821939587
0 0.7562049639711769 0.18521462639109698 0.015212169735788629 0.033386327503974564
0 0.7798238590872698 0.1724960254372019 0.016012810248198558 0.033386327503974564
0 0.7842273819055243 0.19395866454689986 0.016813450760608487 0.041335453100158986
0 0.8150520416333066 0.18203497615262323 0.016012810248198558 0.0397456279809221
0 0.8358686949559647 0.20190779014308427 0.017614091273018412 0.041335453100158986
0 0.822658126501201 0.21144674085850557 0.016813450760608487 0.03815580286168522
0 0.8026421136909527 0.22972972972972974 0.01841473178542834 0.0492845786963434
0 0.8070456365092074 0.294912559618442 0.025620496397117692 0.06200317965023848
0 0.7485988791032826 0.21860095389507156 0.01921537229783827 0.04292527821939587
0 0.7602081665332265 0.27662957074721783 0.02321857485988791 0.04769475357710652
0 0.7225780624499599 0.2647058823529412 0.02642113690952762 0.055643879173290944
0 0.8730984787830264 0.22019077901430845 0.013610888710968775 0.0397456279809221
0 0.9087269815852681 0.2138314785373609 0.017614091273018412 0.0397456279809221
0 0.9075260208166532 0.24483306836248014 0.016813450760608487 0.03497615262321145
0 0.8955164131305043 0.2655007949125596 0.016813450760608487 0.044515103338632754
0 0.8807045636509206 0.2774244833068363 0.017614091273018412 0.046104928457869634
0 0.8730984787830264 0.31875993640699524 0.02321857485988791 0.05246422893481718
0 0.9335468374699759 0.3116057233704293 0.017614091273018412 0.05405405405405406
0 0.9347477982385908 0.2511923688394277 0.013610888710968775 0.03815580286168522
0 0.9595676541232986 0.23370429252782196 0.016813450760608487 0.03815580286168522
0 0.9867894315452361 0.24721780604133547 0.013610888710968775 0.0397456279809221
0 0.9775820656525219 0.2917329093799682 0.016012810248198558 0.0492845786963434
0 0.9815852682145716 0.28457869634340227 0.012810248198558846 0.041335453100158986
0 0.9799839871897518 0.3449920508744038 0.01921537229783827 0.05405405405405406
0 0.9575660528422738 0.363275039745628 0.024019215372297835 0.05882352941176471
0 0.954763811048839 0.4220985691573927 0.02321857485988791 0.07472178060413355
0 0.8935148118494796 0.3767885532591415 0.024019215372297835 0.07313195548489666
0 0.8690952762209767 0.4848966613672496 0.031224979983987187 0.0794912559618442
0 0.7982385908726981 0.43799682034976156 0.030424339471577258 0.08426073131955486
0 0.7265812650120096 0.3871224165341813 0.029623698959167333 0.06836248012718601