1 0.07838660578386605 0.4510268562401264 0.0715372907153729 0.07740916271721959
1 0.21385083713850836 0.4399684044233807 0.0684931506849315 0.06477093206951026
1 0.31278538812785384 0.44944707740916273 0.0624048706240487 0.07424960505529225
1 0.4246575342465753 0.44154818325434436 0.060882800608828 0.061611374407582936
1 0.8447488584474885 0.5545023696682464 0.2922374429223744 0.2843601895734597
1 0.8105022831050228 0.20300157977883096 0.1263318112633181 0.18167456556082148
1 0.9520547945205479 0.17298578199052134 0.0928462709284627 0.11216429699842022
1 0.3713850837138508 0.3104265402843602 0.0121765601217656 0.014218009478672985
1 0.3470319634703196 0.3009478672985782 0.0121765601217656 0.014218009478672985
1 0.3302891933028919 0.3056872037914692 0.0121765601217656 0.014218009478672985
1 0.30974124809741244 0.30252764612954186 0.0136986301369863 0.017377567140600316