0 0.14794303797468356 0.3384831460674157 0.02689873417721519 0.056179775280898875
0 0.1673259493670886 0.37570224719101125 0.03401898734177215 0.08567415730337079
0 0.22270569620253164 0.324438202247191 0.027689873417721517 0.0702247191011236
0 0.22943037974683544 0.2717696629213483 0.022151898734177215 0.0547752808988764
0 0.2674050632911392 0.25491573033707865 0.02373417721518987 0.04073033707865169
0 0.2935126582278481 0.2268258426966292 0.0189873417721519 0.043539325842696625
0 0.3176424050632911 0.2366573033707865 0.022943037974683545 0.05196629213483146
0 0.34216772151898733 0.23806179775280897 0.022943037974683545 0.0547752808988764
0 0.3136867088607595 0.3476123595505618 0.037183544303797465 0.07443820224719101
0 0.3611550632911392 0.44101123595505615 0.05142405063291139 0.10393258426966293
0 0.33821202531645567 0.538623595505618 0.05775316455696203 0.10814606741573034
0 0.3963607594936709 0.21348314606741572 0.022151898734177215 0.056179775280898875
0 0.4189082278481013 0.22120786516853932 0.027689873417721517 0.06601123595505617