1 0.9855769230769231 0.5757211538461539 0.02403846153846154 0.06009615384615385
1 0.03605769230769231 0.5697115384615385 0.07211538461538462 0.10096153846153846
1 0.17307692307692307 0.5504807692307693 0.06730769230769232 0.0625
1 0.08293269230769232 0.5384615384615385 0.03125 0.04326923076923077
1 0.3810096153846154 0.561298076923077 0.04567307692307693 0.05528846153846154
1 0.53125 0.5901442307692308 0.04326923076923077 0.06490384615384616
1 0.6201923076923077 0.5637019230769231 0.04807692307692308 0.05048076923076923
1 0.873798076923077 0.5721153846153847 0.04567307692307693 0.057692307692307696
1 0.6850961538461539 0.4326923076923077 0.02403846153846154 0.028846153846153848
1 0.608173076923077 0.44591346153846156 0.03365384615384616 0.03605769230769231
1 0.5709134615384616 0.43028846153846156 0.03125 0.038461538461538464
1 0.6502403846153847 0.4338942307692308 0.021634615384615384 0.03125