0 0.43540183112919634 0.22513562386980107 0.03051881993896236 0.059674502712477394
0 0.3906408952187182 0.24502712477396021 0.02034587995930824 0.045207956600361664
0 0.3972533062054934 0.2151898734177215 0.017293997965412002 0.0325497287522604
0 0.38708036622583925 0.19168173598553345 0.017293997965412002 0.039783001808318265
0 0.384028484231943 0.17450271247739602 0.019328585961342827 0.03074141048824593
0 0.3504577822990844 0.1962025316455696 0.019328585961342827 0.04159132007233273
0 0.42828077314343843 0.18173598553345388 0.018311291963377416 0.034358047016274866
0 0.42878942014242116 0.1582278481012658 0.01525940996948118 0.023508137432188065
0 0.4603255340793489 0.15732368896925858 0.013224821973550356 0.02531645569620253
0 0.46592065106815866 0.16817359855334538 0.01627670396744659 0.0325497287522604
0 0.47761953204476093 0.18354430379746836 0.017293997965412002 0.04159132007233273
0 0.4750762970498474 0.23056057866184448 0.018311291963377416 0.048824593128390596
0 0.4852492370295015 0.1609403254972875 0.014242115971515767 0.028933092224231464
0 0.474059003051882 0.13562386980108498 0.012207527975584944 0.0216998191681736
0 0.4862665310274669 0.1410488245931284 0.012207527975584944 0.02531645569620253
0 0.49643947100712105 0.12929475587703435 0.012207527975584944 0.027124773960216998
0 0.5096642929806714 0.19710669077757684 0.018311291963377416 0.04701627486437613
0 0.525940996948118 0.16817359855334538 0.01627670396744659 0.03616636528028933
0 0.5488301119023398 0.1763110307414105 0.017293997965412002 0.045207956600361664
0 0.5447609359104781 0.1962025316455696 0.01525940996948118 0.04159132007233273
0 0.5661241098677517 0.2513562386980108 0.025432349949135298 0.04701627486437613
0 0.546795523906409 0.14647377938517178 0.01525940996948118 0.02531645569620253
0 0.5793489318413021 0.11754068716094032 0.01525940996948118 0.0216998191681736
0 0.5885045778229908 0.081374321880651 0.01525940996948118 0.0325497287522604
0 0.6098677517802645 0.07685352622061482 0.011190233977619531 0.023508137432188065
0 0.6276703967446592 0.12658227848101267 0.014242115971515767 0.0325497287522604
0 0.590030518819939 0.13200723327305605 0.012207527975584944 0.02531645569620253
0 0.5946083418107833 0.15099457504520794 0.013224821973550356 0.03074141048824593
0 0.582909460834181 0.1717902350813743 0.01627670396744659 0.0325497287522604
0 0.6597151576805697 0.1383363471971067 0.013224821973550356 0.027124773960216998
0 0.6861648016276704 0.12839059674502712 0.013224821973550356 0.0325497287522604
0 0.7080366225839267 0.1166365280289331 0.012207527975584944 0.027124773960216998
0 0.6500508646998983 0.2043399638336347 0.018311291963377416 0.0433996383363472
0 0.6724313326551373 0.1962025316455696 0.01627670396744659 0.04159132007233273
0 0.6113936927772126 0.2576853526220615 0.028484231943031534 0.04159132007233273
0 0.6414038657171922 0.3010849909584087 0.023397761953204477 0.05244122965641953
0 0.6709053916581892 0.3426763110307414 0.029501525940996948 0.0705244122965642
0 0.7202441505595116 0.298372513562387 0.026449643947100712 0.05786618444846293
0 0.7105798575788402 0.19529837251356238 0.017293997965412002 0.0433996383363472
0 0.7065106815869786 0.1609403254972875 0.01525940996948118 0.0325497287522604
0 0.7238046795523906 0.15461121157323687 0.01525940996948118 0.034358047016274866
0 0.7395727365208545 0.17088607594936708 0.01627670396744659 0.0379746835443038
0 0.7512716174974567 0.1410488245931284 0.011190233977619531 0.0325497287522604
0 0.7599186164801628 0.16998191681735986 0.014242115971515767 0.0325497287522604
0 0.7502543234994913 0.20343580470162748 0.01525940996948118 0.0379746835443038
0 0.7568667344862665 0.24954792043399637 0.018311291963377416 0.04701627486437613
0 0.7848423194303153 0.13381555153707053 0.013224821973550356 0.03616636528028933
0 0.8031536113936928 0.16455696202531644 0.013224821973550356 0.028933092224231464
0 0.785350966429298 0.18806509945750452 0.012207527975584944 0.03616636528028933
0 0.785350966429298 0.22784810126582278 0.01627670396744659 0.0325497287522604
0 0.8326551373346897 0.1826401446654611 0.013224821973550356 0.0325497287522604
0 0.8453713123092573 0.15913200723327306 0.012207527975584944 0.0325497287522604
0 0.8652085452695829 0.18625678119349004 0.013224821973550356 0.0325497287522604
0 0.8723296032553408 0.1717902350813743 0.011190233977619531 0.03616636528028933
0 0.8382502543234994 0.22242314647377937 0.014242115971515767 0.03616636528028933
0 0.8199389623601221 0.2603978300180832 0.022380467955239063 0.039783001808318265
0 0.8779247202441506 0.28661844484629295 0.02034587995930824 0.048824593128390596
0 0.8896236012207528 0.25406871609403253 0.017293997965412002 0.048824593128390596
0 0.8972533062054934 0.21338155515370705 0.01627670396744659 0.04701627486437613
0 0.9053916581892166 0.1980108499095841 0.014242115971515767 0.04159132007233273
0 0.8611393692777213 0.33001808318264014 0.025432349949135298 0.05605786618444846
0 0.9206510681586978 0.31193490054249545 0.018311291963377416 0.05605786618444846
0 0.9425228891149542 0.23056057866184448 0.013224821973550356 0.034358047016274866
0 0.9516785350966429 0.21699819168173598 0.01525940996948118 0.039783001808318265
0 0.9420142421159715 0.1871609403254973 0.014242115971515767 0.034358047016274866
0 0.9404883011190234 0.17269439421338154 0.011190233977619531 0.027124773960216998