1 0.05722222222222222 0.2337228714524207 0.043333333333333335 0.07011686143572621
1 0.1272222222222222 0.20450751252086813 0.04111111111111111 0.05843071786310518
1 0.27444444444444444 0.19616026711185308 0.035555555555555556 0.06176961602671119
1 0.30666666666666664 0.19198664440734559 0.03333333333333333 0.05676126878130217
1 0.35555555555555557 0.22287145242070117 0.03111111111111111 0.045075125208681135
1 0.7438888888888889 0.20868113522537562 0.03222222222222222 0.05342237061769616
1 0.6838888888888889 0.20784641068447413 0.05 0.05175292153589316
0 0.41333333333333333 0.6477462437395659 0.04 0.05342237061769616
0 0.43777777777777777 0.5993322203672788 0.035555555555555556 0.05008347245409015
0 0.5572222222222222 0.3931552587646077 0.03222222222222222 0.05509181969949917
0 0.20166666666666666 0.34474123539232054 0.04777777777777778 0.05175292153589316
0 0.15611111111111112 0.2888146911519199 0.04111111111111111 0.06343906510851419
0 0.11166666666666666 0.34140233722871455 0.034444444444444444 0.048414023372287146