1 0.07572115384615385 0.9662650602409639 0.10817307692307693 0.05783132530120483
1 0.078125 0.6566265060240964 0.11298076923076923 0.11807228915662651
1 0.43149038461538464 0.6216867469879519 0.10817307692307693 0.10602409638554218
1 0.7740384615384616 0.4108433734939759 0.04807692307692308 0.045783132530120486
1 0.4206730769230769 0.5024096385542169 0.04326923076923077 0.04096385542168675
1 0.4483173076923077 0.391566265060241 0.026442307692307696 0.03614457831325302
1 0.1983173076923077 0.3650602409638555 0.03125 0.03614457831325302
1 0.007211538461538462 0.3650602409638555 0.014423076923076924 0.045783132530120486
1 0.010817307692307692 0.24337349397590363 0.021634615384615384 0.05301204819277109
1 0.1514423076923077 0.33253012048192776 0.028846153846153848 0.033734939759036145
1 0.18149038461538464 0.31084337349397595 0.026442307692307696 0.033734939759036145
1 0.39543269230769235 0.26867469879518074 0.01201923076923077 0.016867469879518072
0 0.11177884615384616 0.31566265060240967 0.026442307692307696 0.033734939759036145
1 0.19711538461538464 0.2530120481927711 0.02403846153846154 0.028915662650602414
1 0.3918269230769231 0.06867469879518073 0.014423076923076924 0.016867469879518072
1 0.013221153846153848 0.09156626506024097 0.026442307692307696 0.04819277108433735
1 0.1826923076923077 0.026506024096385545 0.02403846153846154 0.028915662650602414
1 0.20072115384615385 0.08433734939759037 0.026442307692307696 0.024096385542168676