0 0.8870192307692308 0.41586538461538464 0.04326923076923077 0.04807692307692308
0 0.7836538461538461 0.43149038461538464 0.03365384615384616 0.03605769230769231
0 0.7367788461538461 0.43028846153846156 0.01682692307692308 0.019230769230769232
0 0.6274038461538461 0.4086538461538462 0.04326923076923077 0.038461538461538464
0 0.49759615384615385 0.4182692307692308 0.03365384615384616 0.03365384615384616
0 0.4122596153846154 0.40625 0.026442307692307696 0.03365384615384616
0 0.33293269230769235 0.4074519230769231 0.026442307692307696 0.040865384615384616
0 0.3028846153846154 0.40384615384615385 0.03365384615384616 0.04807692307692308
0 0.265625 0.41947115384615385 0.03125 0.03605769230769231
0 0.14543269230769232 0.4170673076923077 0.05048076923076923 0.06009615384615385
0 0.10336538461538462 0.4122596153846154 0.028846153846153848 0.03125