0 0.2764423076923077 0.33293269230769235 0.07692307692307693 0.07451923076923077
0 0.2572115384615385 0.6899038461538461 0.09615384615384616 0.11057692307692309
0 0.9495192307692308 0.19951923076923078 0.09134615384615385 0.14423076923076925
0 0.9471153846153847 0.06610576923076923 0.10096153846153846 0.11778846153846155
0 0.8990384615384616 0.1887019230769231 0.0625 0.10336538461538462
0 0.8966346153846154 0.07692307692307693 0.07211538461538462 0.10576923076923078
1 0.8846153846153847 0.25480769230769235 0.07211538461538462 0.10096153846153846
1 0.6682692307692308 0.22355769230769232 0.04807692307692308 0.07211538461538462
1 0.6610576923076923 0.05168269230769231 0.05288461538461539 0.06490384615384616
1 0.545673076923077 0.41105769230769235 0.1201923076923077 0.13461538461538464
1 0.43149038461538464 0.3293269230769231 0.10336538461538462 0.13461538461538464
1 0.375 0.5901442307692308 0.1201923076923077 0.12740384615384617
1 0.11538461538461539 0.23918269230769232 0.16346153846153846 0.2091346153846154
1 0.1201923076923077 0.06730769230769232 0.16346153846153846 0.13461538461538464