0 0.9182692307692308 0.49638554216867475 0.03365384615384616 0.04819277108433735
0 0.8317307692307693 0.47590361445783136 0.038461538461538464 0.050602409638554224
0 0.7439903846153847 0.47951807228915666 0.040865384615384616 0.05301204819277109
0 0.6610576923076923 0.4734939759036145 0.04326923076923077 0.050602409638554224
0 0.6033653846153847 0.4771084337349398 0.038461538461538464 0.04337349397590362
0 0.5228365384615384 0.4807228915662651 0.040865384615384616 0.045783132530120486
0 0.4411057692307693 0.48192771084337355 0.04567307692307693 0.05301204819277109
0 0.3473557692307693 0.48313253012048196 0.040865384615384616 0.050602409638554224
0 0.25841346153846156 0.4771084337349398 0.04567307692307693 0.04337349397590362
0 0.16586538461538464 0.47590361445783136 0.038461538461538464 0.055421686746987955
0 0.07091346153846154 0.47108433734939764 0.040865384615384616 0.050602409638554224