0 0.90625 0.4 0.04807692307692308 0.05301204819277109
0 0.7463942307692308 0.3373493975903615 0.06009615384615385 0.06746987951807229
0 0.6838942307692308 0.3759036144578314 0.05048076923076923 0.04819277108433735
0 0.5829326923076923 0.3819277108433735 0.04567307692307693 0.050602409638554224
0 0.4987980769230769 0.3686746987951808 0.05048076923076923 0.06265060240963856
0 0.4338942307692308 0.3722891566265061 0.03605769230769231 0.06024096385542169
0 0.3942307692307693 0.34337349397590367 0.0625 0.0746987951807229
0 0.23918269230769232 0.3746987951807229 0.040865384615384616 0.055421686746987955
0 0.28605769230769235 0.4 0.02403846153846154 0.028915662650602414
0 0.16586538461538464 0.3963855421686747 0.0625 0.06987951807228916
0 0.025240384615384616 0.3421686746987952 0.05048076923076923 0.10120481927710845