0 0.06844262295081967 0.5711775043936731 0.05327868852459016 0.13356766256590508
0 0.1778688524590164 0.2530755711775044 0.021311475409836064 0.045694200351493845
0 0.20901639344262296 0.27768014059753954 0.02622950819672131 0.05272407732864674
0 0.2520491803278688 0.22847100175746923 0.018852459016393444 0.045694200351493845
0 0.2913934426229508 0.22934973637961334 0.018852459016393444 0.04745166959578207
0 0.30983606557377047 0.22144112478031633 0.021311475409836064 0.0492091388400703
0 0.29385245901639345 0.20123022847100175 0.022131147540983605 0.050966608084358524
0 0.33237704918032784 0.2038664323374341 0.018852459016393444 0.045694200351493845
0 0.34795081967213115 0.18717047451669594 0.01721311475409836 0.04393673110720562
0 0.3528688524590164 0.25922671353251314 0.023770491803278688 0.06151142355008787
0 0.375 0.17574692442882248 0.020491803278688523 0.03866432337434095
0 0.38278688524590165 0.21792618629173988 0.018032786885245903 0.03866432337434095
0 0.4151639344262295 0.17838312829525482 0.01721311475409836 0.04393673110720562
0 0.4377049180327869 0.15026362038664323 0.01639344262295082 0.04393673110720562
0 0.4557377049180328 0.23725834797891035 0.019672131147540982 0.05272407732864674
0 0.419672131147541 0.3031634446397188 0.027868852459016394 0.06151142355008787
0 0.4745901639344262 0.15026362038664323 0.019672131147540982 0.04745166959578207
0 0.4807377049180328 0.1344463971880492 0.01721311475409836 0.03690685413005272
0 0.5073770491803279 0.15817223198594024 0.018032786885245903 0.0492091388400703
0 0.5168032786885246 0.1414762741652021 0.018852459016393444 0.04393673110720562
0 0.48565573770491804 0.18980667838312829 0.020491803278688523 0.0492091388400703
0 0.5430327868852459 0.2047451669595782 0.018852459016393444 0.04745166959578207
0 0.5426229508196722 0.1203866432337434 0.014754098360655738 0.04393673110720562
0 0.5479508196721311 0.14586994727592267 0.01721311475409836 0.0421792618629174
0 0.569672131147541 0.12302284710017573 0.01639344262295082 0.03866432337434095
0 0.5709016393442623 0.15729349736379614 0.018852459016393444 0.04745166959578207
0 0.5614754098360656 0.18629173989455183 0.01639344262295082 0.0421792618629174
0 0.5831967213114754 0.10105448154657293 0.01557377049180328 0.040421792618629174
0 0.5975409836065574 0.14323374340949033 0.01639344262295082 0.040421792618629174
0 0.6008196721311475 0.1634446397188049 0.014754098360655738 0.045694200351493845
0 0.6131147540983607 0.18189806678383127 0.018032786885245903 0.04393673110720562
0 0.6221311475409836 0.11159929701230228 0.018032786885245903 0.040421792618629174
0 0.644672131147541 0.13356766256590508 0.01557377049180328 0.045694200351493845
0 0.6598360655737705 0.12390158172231985 0.014754098360655738 0.04745166959578207
0 0.6848360655737705 0.1203866432337434 0.01557377049180328 0.040421792618629174
0 0.7032786885245902 0.14323374340949033 0.013114754098360656 0.040421792618629174
0 0.6786885245901639 0.15114235500878734 0.018032786885245903 0.045694200351493845
0 0.6901639344262295 0.1915641476274165 0.019672131147540982 0.0492091388400703
0 0.6491803278688525 0.17223198594024602 0.01639344262295082 0.045694200351493845
0 0.660655737704918 0.21616871704745166 0.018032786885245903 0.05975395430579965
0 0.6065573770491803 0.27240773286467485 0.029508196721311476 0.05975395430579965
0 0.5643442622950819 0.320738137082601 0.02540983606557377 0.06151142355008787
0 0.6040983606557377 0.36291739894551844 0.02622950819672131 0.06151142355008787
0 0.6598360655737705 0.39191564147627417 0.03114754098360656 0.06678383128295254
0 0.719672131147541 0.38576449912126537 0.02622950819672131 0.06854130052724076
0 0.7106557377049181 0.26625659050966605 0.02622950819672131 0.06151142355008787
0 0.7331967213114754 0.2126537785588752 0.018852459016393444 0.045694200351493845
0 0.7237704918032787 0.2047451669595782 0.018032786885245903 0.04393673110720562
0 0.7463114754098361 0.18101933216168717 0.01721311475409836 0.0421792618629174
0 0.7725409836065574 0.1968365553602812 0.01721311475409836 0.0421792618629174
0 0.8049180327868852 0.17750439367311072 0.018032786885245903 0.0421792618629174
0 0.8102459016393443 0.20913884007029876 0.01721311475409836 0.045694200351493845
0 0.8225409836065574 0.20298769771528996 0.01557377049180328 0.050966608084358524
0 0.8631147540983607 0.21616871704745166 0.01639344262295082 0.045694200351493845
0 0.898360655737705 0.21792618629173988 0.01639344262295082 0.0492091388400703
0 0.8959016393442623 0.2486818980667838 0.01639344262295082 0.04393673110720562
0 0.9237704918032786 0.2557117750439367 0.01639344262295082 0.04393673110720562
0 0.9475409836065574 0.23022847100175745 0.014754098360655738 0.0421792618629174
0 0.9807377049180328 0.2478031634446397 0.013934426229508197 0.0421792618629174
0 0.9737704918032787 0.3251318101933216 0.018032786885245903 0.0421792618629174
0 0.9733606557377049 0.2908611599297012 0.012295081967213115 0.040421792618629174
0 0.9721311475409836 0.36555360281195076 0.018032786885245903 0.05975395430579965
0 0.944672131147541 0.375219683655536 0.018852459016393444 0.06151142355008787
0 0.9254098360655738 0.3233743409490334 0.018032786885245903 0.05272407732864674
0 0.8688524590163934 0.30140597539543057 0.021311475409836064 0.050966608084358524
0 0.784016393442623 0.2469244288224956 0.023770491803278688 0.05448154657293497
0 0.8081967213114755 0.2899824253075571 0.022950819672131147 0.05975395430579965
0 0.8610655737704918 0.36994727592267135 0.022131147540983605 0.06502636203866433
0 0.8774590163934426 0.3980667838312829 0.023770491803278688 0.07557117750439367
0 0.9540983606557377 0.4736379613356766 0.021311475409836064 0.07205623901581722
0 0.8655737704918033 0.4885764499121265 0.03114754098360656 0.09138840070298769
0 0.775 0.45694200351493847 0.031967213114754096 0.09490333919156414
0 0.7467213114754099 0.28383128295254834 0.02459016393442623 0.050966608084358524