1 0.2963636363636364 0.4305177111716621 0.11636363636363636 0.21798365122615804
1 0.36454545454545456 0.46866485013623976 0.04181818181818182 0.09809264305177111
1 0.38636363636363635 0.4931880108991825 0.016363636363636365 0.043596730245231606
1 0.4036363636363636 0.5027247956403269 0.02181818181818182 0.051771117166212535
1 0.46 0.5272479564032697 0.025454545454545455 0.05722070844686648
1 0.4909090909090909 0.5081743869209809 0.02181818181818182 0.04632152588555858
1 0.5272727272727272 0.49182561307901906 0.05090909090909091 0.10081743869209808
1 0.59 0.611716621253406 0.04181818181818182 0.07901907356948229
1 0.5536363636363636 0.494550408719346 0.016363636363636365 0.04632152588555858
1 0.7063636363636364 0.5354223433242506 0.08181818181818182 0.10626702997275204
1 0.7781818181818182 0.497275204359673 0.03636363636363636 0.07356948228882834
1 0.8727272727272727 0.4877384196185286 0.05090909090909091 0.10354223433242507
1 0.04454545454545455 0.4931880108991825 0.038181818181818185 0.07084468664850135
1 0.13818181818181818 0.5095367847411444 0.025454545454545455 0.05449591280653951
0 0.16454545454545455 0.4822888283378746 0.056363636363636366 0.10354223433242507
0 0.9281818181818182 0.5190735694822888 0.07090909090909091 0.13896457765667575