0 0.00841346153846154 0.4036144578313253 0.01682692307692308 0.03132530120481928
0 0.06730769230769232 0.4132530120481928 0.03365384615384616 0.03614457831325302
0 0.11177884615384616 0.4072289156626506 0.040865384615384616 0.05783132530120483
0 0.15625 0.3783132530120482 0.038461538461538464 0.04819277108433735
0 0.25 0.391566265060241 0.038461538461538464 0.055421686746987955
0 0.3245192307692308 0.3783132530120482 0.028846153846153848 0.03855421686746988
0 0.3545673076923077 0.3927710843373494 0.03605769230769231 0.05301204819277109
0 0.4206730769230769 0.3903614457831326 0.03365384615384616 0.04819277108433735
0 0.5348557692307693 0.3975903614457832 0.03605769230769231 0.04819277108433735
0 0.5600961538461539 0.3771084337349398 0.03365384615384616 0.045783132530120486
0 0.5973557692307693 0.391566265060241 0.040865384615384616 0.045783132530120486
0 0.7247596153846154 0.3734939759036145 0.026442307692307696 0.03855421686746988
0 0.7463942307692308 0.3963855421686747 0.03605769230769231 0.050602409638554224
0 0.8762019230769231 0.3771084337349398 0.026442307692307696 0.03132530120481928
0 0.9855769230769231 0.3674698795180723 0.02403846153846154 0.04096385542168675