1 0.12259615384615385 0.15024038461538464 0.019230769230769232 0.026442307692307696
1 0.12379807692307693 0.10096153846153846 0.021634615384615384 0.028846153846153848
1 0.23798076923076925 0.08653846153846154 0.019230769230769232 0.028846153846153848
1 0.23677884615384617 0.16586538461538464 0.021634615384615384 0.028846153846153848
1 0.328125 0.15865384615384617 0.021634615384615384 0.038461538461538464
1 0.3293269230769231 0.0889423076923077 0.028846153846153848 0.03365384615384616
1 0.41105769230769235 0.09254807692307693 0.028846153846153848 0.03605769230769231
1 0.4122596153846154 0.15504807692307693 0.026442307692307696 0.03605769230769231
1 0.41105769230769235 0.3137019230769231 0.0625 0.07451923076923077
1 0.5324519230769231 0.07091346153846154 0.021634615384615384 0.03605769230769231
1 0.5324519230769231 0.17908653846153846 0.026442307692307696 0.03605769230769231
1 0.7512019230769231 0.19110576923076925 0.03125 0.026442307692307696
1 0.8449519230769231 0.15504807692307693 0.040865384615384616 0.04567307692307693
1 0.8461538461538463 0.09375 0.038461538461538464 0.04326923076923077
1 0.7524038461538461 0.05288461538461539 0.028846153846153848 0.03365384615384616