1 0.10576923076923078 0.44230769230769235 0.11057692307692309 0.11057692307692309
1 0.3701923076923077 0.46634615384615385 0.07211538461538462 0.09134615384615385
1 0.4170673076923077 0.47836538461538464 0.04567307692307693 0.07211538461538462
1 0.46634615384615385 0.4867788461538462 0.05288461538461539 0.06009615384615385
1 0.49278846153846156 0.4723557692307693 0.04807692307692308 0.05528846153846154
0 0.5168269230769231 0.49278846153846156 0.028846153846153848 0.03365384615384616
0 0.561298076923077 0.4831730769230769 0.03125 0.03365384615384616
1 0.6009615384615385 0.49759615384615385 0.038461538461538464 0.04326923076923077
0 0.6514423076923077 0.4987980769230769 0.03365384615384616 0.03605769230769231
1 0.6790865384615385 0.5 0.021634615384615384 0.028846153846153848
1 0.7211538461538461 0.49399038461538464 0.038461538461538464 0.040865384615384616
1 0.7848557692307693 0.5024038461538461 0.026442307692307696 0.028846153846153848
1 0.8221153846153847 0.4951923076923077 0.02403846153846154 0.04326923076923077
1 0.8449519230769231 0.4963942307692308 0.03125 0.040865384615384616
1 0.890625 0.49399038461538464 0.03125 0.03605769230769231
1 0.9350961538461539 0.5 0.04326923076923077 0.04326923076923077