0 0.014423076923076924 0.30000000000000004 0.028846153846153848 0.050602409638554224
0 0.14423076923076925 0.33614457831325306 0.07211538461538462 0.08433734939759037
0 0.2572115384615385 0.28313253012048195 0.07692307692307693 0.09397590361445785
0 0.3786057692307693 0.3385542168674699 0.05048076923076923 0.0746987951807229
0 0.46875 0.3903614457831326 0.057692307692307696 0.06265060240963856
0 0.4182692307692308 0.263855421686747 0.03365384615384616 0.03132530120481928
0 0.4483173076923077 0.2602409638554217 0.03125 0.05301204819277109
0 0.5024038461538461 0.25060240963855424 0.028846153846153848 0.03855421686746988
0 0.576923076923077 0.26626506024096386 0.07692307692307693 0.09397590361445785
0 0.44711538461538464 0.06746987951807229 0.03365384615384616 0.05783132530120483
0 0.5012019230769231 0.07590361445783134 0.026442307692307696 0.04096385542168675
0 0.5757211538461539 0.06385542168674699 0.07932692307692309 0.09397590361445785
0 0.5961538461538461 0.5 0.09134615384615385 0.10361445783132531
0 0.25841346153846156 0.04698795180722892 0.07932692307692309 0.0891566265060241
0 0.01682692307692308 0.027710843373493978 0.03365384615384616 0.050602409638554224
1 0.811298076923077 0.21807228915662652 0.10336538461538462 0.10843373493975905
1 0.8137019230769231 0.10722891566265061 0.11298076923076923 0.11325301204819278