1 0.9373333333333334 0.20232558139534884 0.052 0.20930232558139533
1 0.8683333333333333 0.2127906976744186 0.04733333333333333 0.19767441860465115
1 0.8426666666666667 0.14186046511627906 0.036 0.14883720930232558
1 0.8036666666666666 0.23372093023255813 0.043333333333333335 0.2069767441860465
1 0.32866666666666666 0.23604651162790696 0.034666666666666665 0.14186046511627906
1 0.33499999999999996 0.12325581395348836 0.03 0.11627906976744186
1 0.442 0.17325581395348838 0.029333333333333333 0.1558139534883721
1 0.482 0.1744186046511628 0.032 0.15348837209302324
1 0.538 0.19883720930232557 0.029333333333333333 0.14186046511627906
1 0.567 0.20813953488372092 0.03133333333333333 0.1697674418604651
1 0.5993333333333333 0.1697674418604651 0.03333333333333333 0.14883720930232558
1 0.64 0.22790697674418603 0.03866666666666667 0.17674418604651163
1 0.6846666666666666 0.17906976744186046 0.034666666666666665 0.16279069767441862
1 0.7013333333333334 0.29186046511627906 0.036 0.1744186046511628
1 0.7366666666666667 0.19186046511627908 0.03866666666666667 0.1697674418604651
1 0.7733333333333333 0.20813953488372092 0.04133333333333333 0.17906976744186046
1 0.39499999999999996 0.2116279069767442 0.03266666666666666 0.13488372093023254
1 0.285 0.20348837209302326 0.03266666666666666 0.12790697674418605
1 0.26266666666666666 0.2593023255813953 0.044 0.1697674418604651
1 0.19766666666666666 0.2255813953488372 0.03666666666666667 0.16279069767441862
1 0.16799999999999998 0.18953488372093022 0.03333333333333333 0.16046511627906976
1 0.13466666666666666 0.20813953488372092 0.044 0.1930232558139535
1 0.06333333333333332 0.21744186046511627 0.04666666666666666 0.21627906976744185