0 0.21033653846153846 0.4240963855421687 0.040865384615384616 0.04819277108433735
0 0.2800480769230769 0.4349397590361446 0.05528846153846154 0.06506024096385543
0 0.42307692307692313 0.4120481927710844 0.04326923076923077 0.06265060240963856
0 0.48197115384615385 0.4313253012048193 0.026442307692307696 0.033734939759036145
0 0.5180288461538461 0.4240963855421687 0.03125 0.033734939759036145
0 0.578125 0.41445783132530123 0.06009615384615385 0.06746987951807229
0 0.609375 0.43614457831325304 0.01682692307692308 0.024096385542168676
0 0.7355769230769231 0.3891566265060241 0.05288461538461539 0.06506024096385543
0 0.701923076923077 0.4072289156626506 0.028846153846153848 0.03855421686746988
0 0.8858173076923077 0.4409638554216868 0.040865384615384616 0.05301204819277109
0 0.8149038461538461 0.43975903614457834 0.009615384615384616 0.012048192771084338
0 0.35336538461538464 0.4409638554216868 0.014423076923076924 0.014457831325301207