1 0.560625 0.22693032015065911 0.08125 0.160075329566855
1 0.88 0.2796610169491525 0.11750000000000001 0.22033898305084745
1 0.78625 0.1327683615819209 0.08750000000000001 0.19397363465160075
1 0.68875 0.11016949152542373 0.07 0.1374764595103578
1 0.539375 0.1111111111111111 0.058750000000000004 0.1167608286252354
1 0.46125 0.1487758945386064 0.0675 0.1544256120527307
1 0.36375 0.1902071563088512 0.08 0.16195856873822975
1 0.33125 0.11393596986817325 0.0625 0.1224105461393597
0 0.38 0.06685499058380415 0.035 0.06591337099811675
0 0.49312500000000004 0.031073446327683614 0.02625 0.05084745762711864
0 0.59375 0.09416195856873823 0.0275 0.04519774011299435
0 0.6118750000000001 0.0800376647834275 0.02125 0.047080979284369114
0 0.63375 0.07062146892655367 0.025 0.03954802259887005
0 0.65625 0.09604519774011298 0.015 0.03389830508474576
0 0.73 0.11958568738229755 0.0225 0.0583804143126177
0 0.78 0.005649717514124294 0.0175 0.011299435028248588
0 0.7275 0.0065913370998116755 0.015 0.013182674199623351
0 0.9243750000000001 0.007532956685499058 0.01875 0.015065913370998116
0 0.94625 0.1902071563088512 0.0325 0.06779661016949153
0 0.949375 0.13935969868173256 0.03125 0.04519774011299435
0 0.09875 0.03389830508474576 0.02 0.03389830508474576
0 0.081875 0.03295668549905838 0.02375 0.035781544256120526
0 0.13375 0.021657250470809793 0.055 0.04331450094161959