1 0.20552884615384617 0.40625 0.06490384615384616 0.08653846153846154
0 0.296875 0.42307692307692313 0.01201923076923077 0.014423076923076924
0 0.5528846153846154 0.4050480769230769 0.02403846153846154 0.03125
0 0.5288461538461539 0.4242788461538462 0.03365384615384616 0.04567307692307693
0 0.4122596153846154 0.39903846153846156 0.021634615384615384 0.028846153846153848
0 0.43870192307692313 0.4086538461538462 0.026442307692307696 0.03365384615384616
0 0.5949519230769231 0.4362980769230769 0.040865384615384616 0.04567307692307693
0 0.6370192307692308 0.41105769230769235 0.028846153846153848 0.038461538461538464
0 0.6682692307692308 0.42307692307692313 0.028846153846153848 0.038461538461538464
0 0.71875 0.40625 0.028846153846153848 0.038461538461538464
0 0.8341346153846154 0.40625 0.02403846153846154 0.03365384615384616
0 0.859375 0.4014423076923077 0.026442307692307696 0.038461538461538464
1 0.7848557692307693 0.39903846153846156 0.0889423076923077 0.1201923076923077
0 0.37980769230769235 0.43149038461538464 0.0625 0.07451923076923077