1 0.1572727272727273 0.24043715846994534 0.056363636363636366 0.13114754098360656
1 0.2081818181818182 0.23497267759562843 0.06 0.1366120218579235
1 0.26454545454545453 0.20081967213114754 0.07090909090909091 0.13934426229508196
1 0.31363636363636366 0.24316939890710382 0.056363636363636366 0.1366120218579235
1 0.3563636363636364 0.23087431693989072 0.06181818181818182 0.16120218579234974
1 0.3881818181818182 0.2527322404371585 0.02727272727272727 0.06284153005464481
1 0.4445454545454545 0.2390710382513661 0.06727272727272728 0.13934426229508196
1 0.519090909090909 0.26229508196721313 0.06363636363636363 0.13114754098360656
1 0.5681818181818182 0.19808743169398907 0.06727272727272728 0.16120218579234974
1 0.6472727272727272 0.1912568306010929 0.04 0.09289617486338798
1 0.6809090909090909 0.2226775956284153 0.06 0.1284153005464481
1 0.6990909090909091 0.15437158469945356 0.056363636363636366 0.09016393442622951
1 0.79 0.14207650273224043 0.05272727272727273 0.09836065573770492
1 0.8109090909090909 0.17759562841530055 0.06909090909090909 0.12568306010928962
0 0.41 0.3879781420765027 0.06727272727272728 0.14207650273224043