0 0.0787139689578714 0.24999999999999997 0.019955654101995565 0.04618473895582329
0 0.13747228381374724 0.24598393574297187 0.024390243902439025 0.04618473895582329
0 0.31596452328159647 0.14457831325301204 0.022172949002217293 0.040160642570281124
0 0.4107538802660754 0.2218875502008032 0.02106430155210643 0.04216867469879518
0 0.4534368070953437 0.2218875502008032 0.024390243902439025 0.0502008032128514
0 0.5643015521064302 0.16265060240963855 0.019955654101995565 0.040160642570281124
0 0.5620842572062085 0.18975903614457829 0.019955654101995565 0.04618473895582329
0 0.623059866962306 0.2188755020080321 0.026607538802660754 0.048192771084337345
0 0.6258314855875832 0.26004016064257024 0.02993348115299335 0.05421686746987951
0 0.6674057649667405 0.1716867469879518 0.019955654101995565 0.04618473895582329
0 0.676829268292683 0.21987951807228914 0.02771618625277162 0.0502008032128514
0 0.9373614190687362 0.23493975903614456 0.02106430155210643 0.05220883534136546