0 0.05625657202944269 0.27289719626168224 0.026288117770767613 0.048598130841121495
0 0.28128286014721343 0.205607476635514 0.017875920084121977 0.03364485981308411
0 0.305993690851735 0.20841121495327103 0.014721345951629862 0.03177570093457944
0 0.3170347003154574 0.21121495327102804 0.015772870662460567 0.04485981308411215
0 0.3422712933753943 0.21401869158878506 0.015772870662460567 0.04299065420560748
0 0.343322818086225 0.16448598130841122 0.013669821240799159 0.041121495327102804
0 0.3580441640378549 0.1841121495327103 0.017875920084121977 0.03925233644859813
0 0.37381703470031546 0.1635514018691589 0.015772870662460567 0.03551401869158879
0 0.39169295478443744 0.197196261682243 0.017875920084121977 0.03925233644859813
0 0.3743427970557308 0.22149532710280376 0.01892744479495268 0.05046728971962617
0 0.4001051524710831 0.22429906542056074 0.017875920084121977 0.04485981308411215
0 0.42218717139852785 0.2327102803738318 0.015772870662460567 0.04672897196261683
0 0.4169295478443743 0.17196261682242991 0.015772870662460567 0.03364485981308411
0 0.41114616193480547 0.15046728971962617 0.012618296529968454 0.03177570093457944
0 0.42218717139852785 0.14392523364485982 0.011566771819137749 0.026168224299065422
0 0.43585699263932703 0.15327102803738318 0.013669821240799159 0.029906542056074768
0 0.4432176656151419 0.2102803738317757 0.019978969505783387 0.05046728971962617
0 0.45057833859095686 0.17850467289719626 0.013669821240799159 0.03925233644859813
0 0.4737118822292324 0.18224299065420563 0.019978969505783387 0.03551401869158879
0 0.48790746582544686 0.15420560747663553 0.016824395373291272 0.03177570093457944
0 0.482124079915878 0.1383177570093458 0.011566771819137749 0.029906542056074768
0 0.49579390115667715 0.11214953271028037 0.00946372239747634 0.026168224299065422
0 0.5131440588853838 0.13457943925233645 0.012618296529968454 0.03364485981308411
0 0.5110410094637223 0.17009345794392525 0.016824395373291272 0.03738317757009346
0 0.5299684542586751 0.15794392523364487 0.01892744479495268 0.028037383177570093
0 0.5226077812828601 0.11682242990654206 0.012618296529968454 0.024299065420560748
0 0.5488958990536278 0.11495327102803739 0.016824395373291272 0.024299065420560748
0 0.5488958990536278 0.15327102803738318 0.01892744479495268 0.03364485981308411
0 0.5715036803364879 0.13738317757009347 0.017875920084121977 0.028037383177570093
0 0.5562565720294427 0.17476635514018693 0.02103049421661409 0.03925233644859813
0 0.594111461619348 0.15046728971962617 0.016824395373291272 0.03551401869158879
0 0.5930599369085173 0.09906542056074767 0.014721345951629862 0.022429906542056077
0 0.6172450052576235 0.09532710280373832 0.008412197686645636 0.022429906542056077
0 0.6219768664563617 0.1280373831775701 0.013669821240799159 0.03177570093457944
0 0.6403785488958991 0.1411214953271028 0.014721345951629862 0.03177570093457944
0 0.6482649842271293 0.13457943925233645 0.013669821240799159 0.029906542056074768
0 0.6556256572029443 0.10186915887850467 0.013669821240799159 0.028037383177570093
0 0.6798107255520505 0.10747663551401869 0.011566771819137749 0.03177570093457944
0 0.6913774973711883 0.1 0.011566771819137749 0.028037383177570093
0 0.711882229232387 0.1 0.012618296529968454 0.028037383177570093
0 0.6382754994742377 0.18130841121495328 0.014721345951629862 0.03738317757009346
0 0.5867507886435331 0.21682242990654207 0.02103049421661409 0.052336448598130844
0 0.6151419558359621 0.23738317757009347 0.025236593059936908 0.056074766355140186
0 0.6587802313354364 0.18785046728971963 0.017875920084121977 0.04299065420560748
0 0.7171398527865405 0.1691588785046729 0.016824395373291272 0.03925233644859813
0 0.7334384858044164 0.13457943925233645 0.013669821240799159 0.029906542056074768
0 0.6892744479495267 0.21495327102803738 0.019978969505783387 0.03738317757009346
0 0.6976866456361724 0.2514018691588785 0.019978969505783387 0.05046728971962617
0 0.7124079915878023 0.3355140186915888 0.03259726603575184 0.06168224299065421
0 0.7592008412197686 0.36915887850467294 0.029442691903259724 0.0691588785046729
0 0.7376445846477392 0.21962616822429906 0.015772870662460567 0.04672897196261683
0 0.7344900105152471 0.17476635514018693 0.015772870662460567 0.03551401869158879
0 0.7565720294426919 0.18598130841121496 0.017875920084121977 0.03925233644859813
0 0.7528916929547844 0.12710280373831775 0.012618296529968454 0.03364485981308411
0 0.7681388012618297 0.1205607476635514 0.013669821240799159 0.03551401869158879
0 0.7618296529968454 0.23177570093457944 0.019978969505783387 0.04485981308411215
0 0.7996845425867508 0.28971962616822433 0.019978969505783387 0.056074766355140186
0 0.8275499474237644 0.24485981308411217 0.02103049421661409 0.048598130841121495
0 0.7923238696109358 0.19532710280373833 0.019978969505783387 0.03925233644859813
0 0.8023133543638276 0.15514018691588785 0.012618296529968454 0.029906542056074768
0 0.7870662460567823 0.12990654205607477 0.013669821240799159 0.03177570093457944
0 0.8007360672975815 0.12710280373831775 0.011566771819137749 0.026168224299065422
0 0.8359621451104101 0.12990654205607477 0.010515247108307046 0.028037383177570093
0 0.8559411146161935 0.13738317757009347 0.010515247108307046 0.028037383177570093
0 0.8464773922187171 0.14299065420560747 0.014721345951629862 0.028037383177570093
0 0.8270241850683491 0.1691588785046729 0.017875920084121977 0.03551401869158879
0 0.841745531019979 0.2121495327102804 0.015772870662460567 0.03925233644859813
0 0.8554153522607781 0.20280373831775703 0.015772870662460567 0.03925233644859813
0 0.8654048370136698 0.16542056074766356 0.012618296529968454 0.03925233644859813
0 0.8901156677181914 0.23084112149532712 0.017875920084121977 0.04299065420560748
0 0.898527865404837 0.21121495327102804 0.011566771819137749 0.03364485981308411
0 0.9048370136698212 0.17383177570093458 0.013669821240799159 0.03364485981308411
0 0.9111461619348055 0.1485981308411215 0.015772870662460567 0.03925233644859813
0 0.944794952681388 0.1766355140186916 0.015772870662460567 0.03177570093457944
0 0.9353312302839116 0.19439252336448598 0.015772870662460567 0.03738317757009346
0 0.9337539432176656 0.21588785046728973 0.016824395373291272 0.03551401869158879
0 0.9332281808622502 0.2588785046728972 0.017875920084121977 0.03925233644859813
0 0.9085173501577287 0.32897196261682243 0.023133543638275498 0.06355140186915888