1 0.09134615384615385 0.6216867469879519 0.0625 0.06746987951807229
1 0.12740384615384617 0.6120481927710844 0.04326923076923077 0.06746987951807229
1 0.20793269230769232 0.6144578313253013 0.04567307692307693 0.06265060240963856
1 0.19110576923076925 0.6240963855421687 0.01682692307692308 0.01927710843373494
1 0.5060096153846154 0.608433734939759 0.04567307692307693 0.04096385542168675
1 0.4362980769230769 0.610843373493976 0.021634615384615384 0.02168674698795181
1 0.46634615384615385 0.6060240963855422 0.014423076923076924 0.016867469879518072
1 0.5492788461538461 0.6048192771084338 0.01682692307692308 0.024096385542168676
1 0.6117788461538461 0.5963855421686748 0.05048076923076923 0.06024096385542169
1 0.7704326923076924 0.5939759036144578 0.04567307692307693 0.045783132530120486
1 0.858173076923077 0.6349397590361446 0.057692307692307696 0.06506024096385543
1 0.8221153846153847 0.6060240963855422 0.03365384615384616 0.050602409638554224
1 0.9459134615384616 0.5987951807228916 0.021634615384615384 0.03132530120481928
1 0.9723557692307693 0.5855421686746989 0.05048076923076923 0.04819277108433735
0 0.3978365384615385 0.6048192771084338 0.026442307692307696 0.014457831325301207