0 0.17837338262476896 0.4777960526315789 0.04251386321626617 0.08388157894736842
0 0.2707948243992606 0.2870065789473684 0.014787430683918669 0.024671052631578948
0 0.2707948243992606 0.2590460526315789 0.018484288354898334 0.02796052631578947
0 0.28650646950092423 0.26809210526315785 0.018484288354898334 0.03289473684210526
0 0.3304066543438078 0.28042763157894735 0.021256931608133085 0.03453947368421052
0 0.371996303142329 0.2870065789473684 0.021256931608133085 0.03453947368421052
0 0.39371534195933455 0.1981907894736842 0.014787430683918669 0.02796052631578947
0 0.3710720887245841 0.18667763157894735 0.015711645101663587 0.02796052631578947
0 0.4029574861367837 0.1751644736842105 0.014787430683918669 0.02796052631578947
0 0.4154343807763401 0.17023026315789472 0.015711645101663587 0.02796052631578947
0 0.41589648798521256 0.11019736842105263 0.014787430683918669 0.02631578947368421
0 0.44038817005545283 0.18421052631578946 0.013863216266173753 0.03289473684210526
0 0.43807763401109057 0.23684210526315788 0.0166358595194085 0.039473684210526314
0 0.4685767097966728 0.22615131578947367 0.02033271719038817 0.03782894736842105
0 0.4819778188539741 0.19490131578947367 0.01756007393715342 0.02796052631578947
0 0.47134935304990755 0.1825657894736842 0.0166358595194085 0.029605263157894735
0 0.47597042513863214 0.14967105263157893 0.014787430683918669 0.02631578947368421
0 0.4953789279112754 0.1381578947368421 0.009242144177449167 0.01644736842105263
0 0.5083179297597042 0.1439144736842105 0.011090573012939002 0.021381578947368418
0 0.5203327171903882 0.13898026315789472 0.011090573012939002 0.021381578947368418
0 0.5170979667282809 0.1694078947368421 0.015711645101663587 0.029605263157894735
0 0.5522181146025877 0.12088815789473684 0.013863216266173753 0.021381578947368418
0 0.5762476894639557 0.13980263157894737 0.015711645101663587 0.029605263157894735
0 0.5854898336414048 0.12088815789473684 0.015711645101663587 0.024671052631578948
0 0.6081330868761553 0.10608552631578946 0.012939001848428836 0.024671052631578948
0 0.6252310536044362 0.1069078947368421 0.010166358595194085 0.023026315789473683
0 0.6067467652495379 0.14144736842105263 0.013863216266173753 0.02631578947368421
0 0.5670055452865065 0.17845394736842105 0.013863216266173753 0.03125
0 0.5434380776340111 0.18585526315789472 0.018484288354898334 0.03618421052631579
0 0.48752310536044363 0.3445723684210526 0.026802218114602587 0.041118421052631575
0 0.527264325323475 0.3544407894736842 0.026802218114602587 0.044407894736842105
0 0.6695933456561922 0.3289473684210526 0.024953789279112754 0.046052631578947366
0 0.5771719038817006 0.234375 0.019408502772643253 0.041118421052631575
0 0.6104436229205176 0.2450657894736842 0.019408502772643253 0.039473684210526314
0 0.6247689463955638 0.20888157894736842 0.014787430683918669 0.03618421052631579
0 0.6501848428835489 0.21875 0.015711645101663587 0.039473684210526314
0 0.6816081330868762 0.23930921052631576 0.01756007393715342 0.03453947368421052
0 0.7264325323475046 0.24917763157894735 0.02033271719038817 0.05427631578947368
0 0.744916820702403 0.22779605263157893 0.02033271719038817 0.044407894736842105
0 0.7735674676524954 0.26809210526315785 0.024029574861367836 0.049342105263157895
0 0.7278188539741219 0.34046052631578944 0.02865064695009242 0.06578947368421052
0 0.7601663585951941 0.35526315789473684 0.03234750462107209 0.06907894736842105
0 0.710720887245841 0.1957236842105263 0.022181146025878003 0.039473684210526314
0 0.6871534195933456 0.1907894736842105 0.015711645101663587 0.03618421052631579
0 0.6529574861367837 0.171875 0.019408502772643253 0.03453947368421052
0 0.6571164510166358 0.11348684210526315 0.011090573012939002 0.023026315789473683
0 0.6414048059149723 0.13651315789473684 0.012939001848428836 0.023026315789473683
0 0.6903881700554528 0.10444078947368421 0.011090573012939002 0.021381578947368418
0 0.7444547134935305 0.11677631578947367 0.013863216266173753 0.029605263157894735
0 0.771256931608133 0.1282894736842105 0.012014787430683918 0.023026315789473683
0 0.7541589648798521 0.15789473684210525 0.0166358595194085 0.02631578947368421
0 0.7763401109057301 0.19654605263157893 0.018484288354898334 0.03782894736842105
0 0.8285582255083179 0.12006578947368421 0.010166358595194085 0.019736842105263157
0 0.8262476894639557 0.14144736842105263 0.012939001848428836 0.02631578947368421
0 0.827634011090573 0.19325657894736842 0.01756007393715342 0.03782894736842105
0 0.800369685767098 0.25164473684210525 0.02033271719038817 0.039473684210526314
0 0.8544362292051756 0.2582236842105263 0.015711645101663587 0.042763157894736836
0 0.8743068391866913 0.2138157894736842 0.014787430683918669 0.03289473684210526
0 0.9075785582255083 0.24095394736842105 0.014787430683918669 0.03125
0 0.9145101663585952 0.20559210526315788 0.015711645101663587 0.03618421052631579
0 0.8525878003696857 0.1595394736842105 0.013863216266173753 0.02631578947368421
0 0.8733826247689463 0.18585526315789472 0.014787430683918669 0.019736842105263157
0 0.9214417744916821 0.15707236842105263 0.011090573012939002 0.02796052631578947
0 0.8613678373382625 0.12171052631578946 0.011090573012939002 0.02631578947368421
0 0.871996303142329 0.3445723684210526 0.026802218114602587 0.04769736842105263
0 0.9108133086876156 0.375 0.030499075785582256 0.039473684210526314
0 0.8904805914972274 0.28289473684210525 0.01756007393715342 0.03618421052631579