0 0.1715 0.398576512455516 0.053 0.12455516014234874
0 0.339 0.48843416370106757 0.064 0.12633451957295372
0 0.367 0.2295373665480427 0.022 0.046263345195729534
0 0.41050000000000003 0.199288256227758 0.017 0.03914590747330961
0 0.429 0.22153024911032027 0.016 0.037366548042704624
0 0.4455 0.25266903914590744 0.023 0.042704626334519574
0 0.46950000000000003 0.23131672597864766 0.021 0.03558718861209964
0 0.47900000000000004 0.19395017793594305 0.02 0.042704626334519574
0 0.588 0.10231316725978647 0.012 0.02669039145907473
0 0.604 0.10409252669039146 0.012 0.019572953736654804
0 0.6395000000000001 0.11387900355871886 0.013000000000000001 0.028469750889679714
0 0.668 0.10765124555160142 0.016 0.02669039145907473
0 0.599 0.21619217081850534 0.022 0.04448398576512455
0 0.6405 0.23576512455516013 0.023 0.051601423487544484