1 0.14903846153846154 0.34375 0.09134615384615385 0.10576923076923078
1 0.09735576923076923 0.3497596153846154 0.04567307692307693 0.06009615384615385
1 0.3737980769230769 0.3894230769230769 0.040865384615384616 0.0625
1 0.8798076923076924 0.3786057692307693 0.07211538461538462 0.0889423076923077
0 0.5877403846153847 0.018028846153846156 0.06009615384615385 0.03605769230769231
0 0.2884615384615385 0.3762019230769231 0.05288461538461539 0.06971153846153846
0 0.44230769230769235 0.3713942307692308 0.05288461538461539 0.06971153846153846
0 0.49759615384615385 0.36418269230769235 0.04807692307692308 0.05048076923076923
0 0.5817307692307693 0.3401442307692308 0.0625 0.07451923076923077
0 0.7235576923076924 0.38822115384615385 0.04807692307692308 0.06490384615384616
0 0.8233173076923077 0.3774038461538462 0.040865384615384616 0.0625