0 0.2536057692307692 0.3421686746987952 0.0889423076923077 0.11566265060240966
0 0.4026442307692308 0.3096385542168675 0.06971153846153846 0.07951807228915664
0 0.5036057692307693 0.29518072289156627 0.08413461538461539 0.11325301204819278
0 0.6274038461538461 0.31084337349397595 0.03365384615384616 0.04337349397590362
0 0.733173076923077 0.2602409638554217 0.09134615384615385 0.11084337349397591
0 0.8533653846153847 0.2987951807228916 0.057692307692307696 0.07710843373493977
0 0.2572115384615385 0.025301204819277112 0.09615384615384616 0.050602409638554224
0 0.40384615384615385 0.03132530120481928 0.06730769230769232 0.06265060240963856
0 0.5048076923076923 0.04457831325301205 0.08653846153846154 0.0891566265060241
0 0.6274038461538461 0.020481927710843374 0.038461538461538464 0.04096385542168675
0 0.734375 0.06506024096385543 0.09855769230769232 0.11084337349397591
0 0.8545673076923077 0.03614457831325302 0.07451923076923077 0.07228915662650603