1 0.15625 0.3746987951807229 0.05288461538461539 0.06024096385542169
1 0.8185096153846154 0.5807228915662651 0.11298076923076923 0.13975903614457832
1 0.8966346153846154 0.2457831325301205 0.08653846153846154 0.10602409638554218
1 0.875 0.4072289156626506 0.04807692307692308 0.08674698795180724
1 0.7836538461538461 0.28915662650602414 0.0625 0.06746987951807229
1 0.6911057692307693 0.25060240963855424 0.03125 0.04337349397590362
1 0.5420673076923077 0.2385542168674699 0.06009615384615385 0.05783132530120483
1 0.3509615384615385 0.3710843373493976 0.10096153846153846 0.11084337349397591
1 0.3509615384615385 0.25783132530120484 0.0625 0.06265060240963856
1 0.3786057692307693 0.3024096385542169 0.026442307692307696 0.050602409638554224
1 0.35336538461538464 0.06144578313253012 0.07211538461538462 0.06987951807228916
1 0.5420673076923077 0.07228915662650603 0.05528846153846154 0.05783132530120483
1 0.6959134615384616 0.06024096385542169 0.040865384615384616 0.04337349397590362
1 0.7824519230769231 0.03132530120481928 0.05528846153846154 0.06265060240963856
1 0.9002403846153847 0.06746987951807229 0.0889423076923077 0.10602409638554218
1 0.3774038461538462 0.01927710843373494 0.03365384615384616 0.03855421686746988