0 0.025240384615384616 0.4132530120481928 0.05048076923076923 0.10843373493975905
0 0.19471153846153846 0.4012048192771085 0.06730769230769232 0.07951807228915664
0 0.3810096153846154 0.3951807228915663 0.07451923076923077 0.09156626506024097
0 0.5168269230769231 0.4072289156626506 0.06730769230769232 0.08674698795180724
0 0.5757211538461539 0.3867469879518073 0.07932692307692309 0.0891566265060241
0 0.8846153846153847 0.4072289156626506 0.057692307692307696 0.0963855421686747
1 0.30528846153846156 0.5638554216867471 0.04807692307692308 0.06746987951807229
0 0.6875 0.6132530120481928 0.028846153846153848 0.06024096385542169
1 0.8125 0.591566265060241 0.04807692307692308 0.06506024096385543
1 0.7379807692307693 0.4060240963855422 0.10576923076923078 0.12289156626506025
1 0.9399038461538463 0.3710843373493976 0.11538461538461539 0.13012048192771086
0 0.5709134615384616 0.026506024096385545 0.08413461538461539 0.05301204819277109
0 0.3822115384615385 0.024096385542168676 0.07692307692307693 0.04819277108433735
1 0.9399038461538463 0.04457831325301205 0.11538461538461539 0.0891566265060241