1 0.57958984375 0.6604330708661417 0.1591796875 0.4074803149606299
1 0.93212890625 0.843503937007874 0.0400390625 0.11220472440944881
1 0.41845703125 0.6938976377952756 0.0185546875 0.0688976377952756
1 0.322265625 0.7017716535433071 0.01953125 0.0531496062992126
1 0.33642578125 0.6840551181102362 0.0126953125 0.0531496062992126
1 0.3330078125 0.29429133858267714 0.1171875 0.2736220472440945
1 0.171875 0.4242125984251968 0.01171875 0.02952755905511811
1 0.1962890625 0.23523622047244094 0.01171875 0.033464566929133854
1 0.1767578125 0.22933070866141733 0.009765625 0.02952755905511811
1 0.1962890625 0.20275590551181102 0.009765625 0.027559055118110236
1 0.134765625 0.23326771653543307 0.013671875 0.033464566929133854
1 0.12353515625 0.19389763779527558 0.0107421875 0.025590551181102362
1 0.14306640625 0.19389763779527558 0.0087890625 0.025590551181102362
1 0.15869140625 0.19586614173228345 0.0087890625 0.025590551181102362
1 0.1767578125 0.19389763779527558 0.009765625 0.025590551181102362
0 0.384765625 0.7106299212598425 0.03125 0.06692913385826771
0 0.34765625 0.6830708661417323 0.0234375 0.05511811023622047
0 0.30224609375 0.7303149606299213 0.0224609375 0.05905511811023622
0 0.27294921875 0.687992125984252 0.0224609375 0.0610236220472441
0 0.23486328125 0.7549212598425197 0.0263671875 0.0531496062992126
0 0.224609375 0.6938976377952756 0.01953125 0.049212598425196846
0 0.052734375 0.18700787401574803 0.017578125 0.04330708661417323
0 0.009765625 0.19291338582677164 0.01953125 0.047244094488188976
0 0.09033203125 0.21456692913385828 0.0185546875 0.047244094488188976
0 0.1162109375 0.23622047244094488 0.009765625 0.023622047244094488
0 0.158203125 0.24114173228346455 0.009765625 0.021653543307086614
0 0.1455078125 0.8838582677165354 0.052734375 0.1377952755905512