0 0.10096153846153846 0.3843373493975904 0.06730769230769232 0.08433734939759037
0 0.1875 0.4132530120481928 0.05288461538461539 0.06024096385542169
0 0.2956730769230769 0.4156626506024097 0.04807692307692308 0.06024096385542169
0 0.23918269230769232 0.4228915662650603 0.040865384615384616 0.050602409638554224
0 0.38341346153846156 0.42891566265060244 0.040865384615384616 0.04819277108433735
0 0.5516826923076923 0.4204819277108434 0.021634615384615384 0.050602409638554224
0 0.5817307692307693 0.41807228915662653 0.038461538461538464 0.06024096385542169
0 0.6983173076923077 0.4084337349397591 0.06009615384615385 0.0746987951807229
0 0.8161057692307693 0.4385542168674699 0.04567307692307693 0.06746987951807229
0 0.8605769230769231 0.4120481927710844 0.04326923076923077 0.04337349397590362
0 0.9038461538461539 0.45301204819277113 0.05288461538461539 0.06265060240963856
0 0.9555288461538463 0.4445783132530121 0.05048076923076923 0.055421686746987955