0 0.019632414369256473 0.4179856115107914 0.022556390977443608 0.04748201438848921
0 0.24185463659147868 0.33884892086330937 0.014202172096908938 0.033093525179856115
0 0.2723475355054302 0.34532374100719426 0.018379281537176273 0.040287769784172665
0 0.29741019214703424 0.30287769784172663 0.015037593984962405 0.030215827338129497
0 0.29949874686716793 0.3640287769784173 0.020885547201336674 0.040287769784172665
0 0.3517126148705096 0.36474820143884895 0.020050125313283207 0.041726618705035974
0 0.3692564745196324 0.2892086330935252 0.015037593984962405 0.02877697841726619
0 0.38512949039264827 0.323021582733813 0.015037593984962405 0.030215827338129497
0 0.39097744360902253 0.3474820143884892 0.015037593984962405 0.030215827338129497
0 0.4014202172096909 0.25755395683453236 0.014202172096908938 0.025899280575539568
0 0.41478696741854637 0.27482014388489207 0.014202172096908938 0.025899280575539568
0 0.4218880534670008 0.29424460431654675 0.015037593984962405 0.030215827338129497
0 0.4252297410192147 0.33884892086330937 0.020050125313283207 0.03597122302158273
0 0.44402673350041766 0.2820143884892086 0.012531328320802004 0.02302158273381295
0 0.43901420217209686 0.26187050359712233 0.01086048454469507 0.017266187050359712
0 0.4578111946532999 0.30431654676258996 0.020050125313283207 0.030215827338129497
0 0.4594820384294068 0.339568345323741 0.02172096908939014 0.034532374100719423
0 0.4728487886382623 0.24100719424460432 0.013366750208855471 0.02446043165467626
0 0.48370927318295737 0.23453237410071942 0.011695906432748537 0.017266187050359712
0 0.4954051796157059 0.2992805755395683 0.015037593984962405 0.025899280575539568
0 0.5137844611528821 0.26402877697841726 0.013366750208855471 0.02733812949640288
0 0.5346700083542189 0.24676258992805755 0.013366750208855471 0.01870503597122302
0 0.5300751879699248 0.27913669064748203 0.014202172096908938 0.02302158273381295
0 0.5718462823725982 0.28489208633093527 0.017543859649122806 0.02877697841726619
0 0.5484544695071011 0.2654676258992806 0.014202172096908938 0.02158273381294964
0 0.5802005012531328 0.2561151079136691 0.015873015873015872 0.025899280575539568
0 0.5889724310776943 0.23741007194244604 0.013366750208855471 0.02302158273381295
0 0.586048454469507 0.220863309352518 0.012531328320802004 0.01870503597122302
0 0.5680868838763575 0.2237410071942446 0.011695906432748537 0.02158273381294964
0 0.6211361737677527 0.21942446043165467 0.012531328320802004 0.02446043165467626
0 0.6290726817042607 0.2014388489208633 0.011695906432748537 0.020143884892086333
0 0.644110275689223 0.21582733812949642 0.013366750208855471 0.020143884892086333
0 0.6741854636591478 0.21798561151079138 0.011695906432748537 0.02158273381294964
0 0.6883876357560568 0.22446043165467627 0.011695906432748537 0.02877697841726619
0 0.702172096908939 0.2251798561151079 0.012531328320802004 0.02446043165467626
0 0.6917293233082706 0.26402877697841726 0.01670843776106934 0.03597122302158273
0 0.6616541353383458 0.24388489208633093 0.015037593984962405 0.02733812949640288
0 0.6232247284878863 0.2517985611510791 0.013366750208855471 0.025899280575539568
0 0.6177944862155388 0.3273381294964029 0.025898078529657476 0.03884892086330936
0 0.5179615705931495 0.3899280575539568 0.02506265664160401 0.04892086330935252
0 0.556390977443609 0.39928057553956836 0.023391812865497075 0.04748201438848921
0 0.5526315789473684 0.3705035971223022 0.022556390977443608 0.041726618705035974
0 0.5346700083542189 0.320863309352518 0.01670843776106934 0.02877697841726619
0 0.6274018379281536 0.43165467625899284 0.02506265664160401 0.04892086330935252
0 0.6223893065998329 0.37841726618705035 0.03007518796992481 0.040287769784172665
0 0.6796157059314953 0.3669064748201439 0.02422723475355054 0.0460431654676259
0 0.6679197994987468 0.33453237410071945 0.020885547201336674 0.030215827338129497
0 0.6524644945697577 0.30935251798561153 0.018379281537176273 0.025899280575539568
0 0.68796992481203 0.4474820143884892 0.03258145363408521 0.06330935251798561
0 0.7197159565580618 0.4870503597122302 0.03926482873851295 0.07050359712230216
0 0.7502088554720133 0.39280575539568346 0.02172096908939014 0.0460431654676259
0 0.7059314954051796 0.3424460431654676 0.018379281537176273 0.03741007194244604
0 0.8074352548036758 0.40215827338129495 0.025898078529657476 0.04748201438848921
0 0.7205513784461153 0.26115107913669067 0.012531328320802004 0.02733812949640288
0 0.7360066833751044 0.2755395683453237 0.01670843776106934 0.033093525179856115
0 0.7552213868003341 0.24676258992805755 0.013366750208855471 0.02733812949640288
0 0.7619047619047619 0.22158273381294966 0.013366750208855471 0.025899280575539568
0 0.7652464494569757 0.2697841726618705 0.011695906432748537 0.02733812949640288
0 0.7861319966583125 0.28057553956834536 0.013366750208855471 0.040287769784172665
0 0.7936507936507936 0.25971223021582734 0.015037593984962405 0.030215827338129497
0 0.8003341687552213 0.22877697841726619 0.013366750208855471 0.02877697841726619
0 0.829156223893066 0.2446043165467626 0.012531328320802004 0.02877697841726619
0 0.8362573099415205 0.302158273381295 0.015037593984962405 0.034532374100719423
0 0.8283208020050125 0.339568345323741 0.015873015873015872 0.031654676258992806
0 0.8287385129490392 0.3748201438848921 0.018379281537176273 0.03597122302158273
0 0.8546365914786966 0.5064748201438849 0.03007518796992481 0.06330935251798561
0 0.8634085213032581 0.45755395683453237 0.02422723475355054 0.04892086330935252
0 0.9264828738512949 0.46187050359712234 0.026733500417710943 0.05755395683453238
0 0.8780284043441937 0.4143884892086331 0.018379281537176273 0.034532374100719423
0 0.9394319131161236 0.39496402877697845 0.020885547201336674 0.04460431654676259
0 0.883876357560568 0.3467625899280576 0.020050125313283207 0.040287769784172665
0 0.8934837092731829 0.31366906474820144 0.015873015873015872 0.031654676258992806
0 0.9482038429406849 0.3553956834532374 0.018379281537176273 0.031654676258992806
0 0.9415204678362572 0.30863309352517987 0.013366750208855471 0.02446043165467626
0 0.9540517961570593 0.2992805755395683 0.010025062656641603 0.025899280575539568
0 0.9569757727652464 0.28057553956834536 0.01086048454469507 0.02302158273381295
0 0.9110275689223057 0.2863309352517986 0.014202172096908938 0.031654676258992806
0 0.8746867167919798 0.28345323741007195 0.013366750208855471 0.031654676258992806
0 0.8805346700083542 0.26115107913669067 0.011695906432748537 0.02446043165467626
0 0.8943191311612364 0.24676258992805755 0.012531328320802004 0.02446043165467626
0 0.8613199665831244 0.2561151079136691 0.011695906432748537 0.025899280575539568