1 0.73375 0.35815602836879434 0.0475 0.07801418439716312
1 0.77125 0.35638297872340424 0.0325 0.06028368794326241
1 0.22375 0.26063829787234044 0.0275 0.04609929078014184
0 0.30875 0.20921985815602837 0.1275 0.23404255319148937
0 0.16125 0.3528368794326241 0.0325 0.06028368794326241
0 0.89 0.41134751773049644 0.04 0.04964539007092199
0 0.105 0.35106382978723405 0.045 0.07092198581560283
0 0.03625 0.4095744680851064 0.0425 0.07446808510638298
0 0.00875 0.3528368794326241 0.0175 0.04609929078014184
1 0.14125000000000001 0.3457446808510638 0.0225 0.04609929078014184
1 0.37125 0.36170212765957444 0.0325 0.06382978723404255