0 0.23700305810397557 0.4408014571948998 0.06014271151885831 0.11657559198542805
0 0.34403669724770647 0.27231329690346084 0.019367991845056068 0.04189435336976321
0 0.41131498470948014 0.2522768670309654 0.02140672782874618 0.04918032786885246
0 0.4337410805300714 0.2604735883424408 0.02344546381243629 0.05100182149362477
0 0.37665647298674826 0.2058287795992714 0.017329255861365956 0.04371584699453552
0 0.4250764525993884 0.20947176684881602 0.0163098878695209 0.03278688524590164
0 0.4444444444444445 0.20947176684881602 0.0163098878695209 0.04007285974499089
0 0.47400611620795113 0.24408014571949 0.022426095820591234 0.05100182149362477
0 0.4097859327217126 0.1830601092896175 0.0163098878695209 0.03825136612021858
0 0.4189602446483181 0.17486338797814208 0.010193679918450561 0.025500910746812384
0 0.436289500509684 0.1848816029143898 0.0163098878695209 0.03825136612021858
0 0.45718654434250766 0.18214936247723132 0.015290519877675842 0.04007285974499089
0 0.47094801223241595 0.2167577413479053 0.0163098878695209 0.03642987249544627
0 0.4775739041794088 0.19489981785063754 0.017329255861365956 0.03278688524590164
0 0.4780835881753313 0.1703096539162113 0.0163098878695209 0.0273224043715847
0 0.4750254841997962 0.14754098360655737 0.0163098878695209 0.025500910746812384
0 0.5107033639143731 0.20309653916211293 0.020387359836901122 0.03825136612021858
0 0.545361875637105 0.20309653916211293 0.01834862385321101 0.04189435336976321
0 0.5045871559633028 0.1448087431693989 0.014271151885830786 0.023679417122040074
0 0.5050968399592253 0.12659380692167577 0.011213047910295617 0.0273224043715847
0 0.5382262996941897 0.14663023679417123 0.014271151885830786 0.03460837887067395
0 0.5489296636085628 0.1429872495446266 0.011213047910295617 0.023679417122040074
0 0.5586136595310908 0.17304189435336975 0.014271151885830786 0.03642987249544627
0 0.5805300713557595 0.14571948998178508 0.015290519877675842 0.03278688524590164
0 0.5932721712538227 0.1721311475409836 0.014271151885830786 0.030965391621129327
0 0.5825688073394496 0.12112932604735883 0.01325178389398573 0.023679417122040074
0 0.6095820591233436 0.13296903460837886 0.012232415902140675 0.025500910746812384
0 0.6192660550458716 0.11020036429872496 0.011213047910295617 0.0273224043715847
0 0.6416921508664628 0.1366120218579235 0.01325178389398573 0.03278688524590164
0 0.6671763506625893 0.11748633879781421 0.015290519877675842 0.030965391621129327
0 0.6681957186544343 0.14571948998178508 0.015290519877675842 0.03642987249544627
0 0.6896024464831805 0.1366120218579235 0.015290519877675842 0.03278688524590164
0 0.7120285423037718 0.12112932604735883 0.01325178389398573 0.030965391621129327
0 0.571355759429154 0.27049180327868855 0.025484199796126403 0.04918032786885246
0 0.6187563710499491 0.2604735883424408 0.02446483180428135 0.061930783242258654
0 0.5346585117227319 0.18032786885245902 0.015290519877675842 0.029143897996357013
0 0.6472986748216106 0.24316939890710382 0.020387359836901122 0.04189435336976321
0 0.6320081549439348 0.3005464480874317 0.028542303771661573 0.06557377049180328
0 0.6860346585117227 0.3561020036429873 0.030581039755351685 0.06375227686703097
0 0.7293577981651377 0.30510018214936246 0.025484199796126403 0.060109289617486336
0 0.7665647298674823 0.24499089253187614 0.020387359836901122 0.056466302367941715
0 0.8047910295616718 0.27231329690346084 0.027522935779816515 0.060109289617486336
0 0.6799184505606525 0.20218579234972678 0.020387359836901122 0.04735883424408015
0 0.7059123343527014 0.18032786885245902 0.015290519877675842 0.03642987249544627
0 0.718144750254842 0.19489981785063754 0.017329255861365956 0.04371584699453552
0 0.7339449541284404 0.1621129326047359 0.014271151885830786 0.03642987249544627
0 0.7415902140672783 0.1848816029143898 0.015290519877675842 0.04189435336976321
0 0.7579001019367992 0.2122040072859745 0.019367991845056068 0.04918032786885246
0 0.7558613659531092 0.14571948998178508 0.01325178389398573 0.03278688524590164
0 0.764525993883792 0.1621129326047359 0.0163098878695209 0.03278688524590164
0 0.798165137614679 0.1384335154826958 0.012232415902140675 0.03278688524590164
0 0.8007135575942916 0.1657559198542805 0.01325178389398573 0.03278688524590164
0 0.7884811416921509 0.20036429872495445 0.01325178389398573 0.04007285974499089
0 0.8037716615698268 0.21948998178506376 0.017329255861365956 0.04189435336976321
0 0.834862385321101 0.18670309653916212 0.014271151885830786 0.03825136612021858
0 0.8470948012232417 0.16848816029143898 0.014271151885830786 0.03825136612021858
0 0.8496432212028543 0.23132969034608378 0.015290519877675842 0.04735883424408015
0 0.8695208970438328 0.20218579234972678 0.014271151885830786 0.03278688524590164
0 0.8858307849133538 0.18579234972677597 0.012232415902140675 0.03642987249544627
0 0.8980632008154945 0.2222222222222222 0.0163098878695209 0.04735883424408015
0 0.888888888888889 0.2540983606557377 0.01834862385321101 0.04918032786885246
0 0.9006116207951071 0.29690346083788705 0.019367991845056068 0.061930783242258654
0 0.9322120285423039 0.3123861566484517 0.019367991845056068 0.056466302367941715
0 0.86289500509684 0.3151183970856102 0.025484199796126403 0.061930783242258654
0 0.916921508664628 0.19216757741347906 0.015290519877675842 0.04553734061930783
0 0.9495412844036698 0.17577413479052822 0.011213047910295617 0.030965391621129327
0 0.9607543323139655 0.21129326047358835 0.015290519877675842 0.03642987249544627
0 0.9403669724770642 0.24134790528233152 0.015290519877675842 0.04189435336976321
0 0.952599388379205 0.19763205828779598 0.011213047910295617 0.030965391621129327