0 0.5318471337579618 0.39808481532147744 0.030254777070063694 0.049247606019151846
0 0.6277866242038217 0.4432284541723666 0.03423566878980892 0.07387140902872777
0 0.5987261146496815 0.2079343365253078 0.014331210191082803 0.03283173734610123
0 0.6449044585987261 0.20451436388508892 0.014331210191082803 0.028727770177838577
0 0.6815286624203822 0.21751025991792067 0.01592356687898089 0.027359781121751026
0 0.5863853503184714 0.2161422708618331 0.015127388535031847 0.024623803009575923
0 0.561703821656051 0.2243502051983584 0.016719745222929936 0.04103967168262654
0 0.54578025477707 0.22366621067031464 0.015127388535031847 0.03146374829001368
0 0.625 0.21751025991792067 0.01592356687898089 0.03556771545827633
0 0.6122611464968153 0.21477428180574554 0.014331210191082803 0.03283173734610123
0 0.4589968152866242 0.22982216142270862 0.016719745222929936 0.030095759233926128
0 0.4231687898089172 0.246922024623803 0.016719745222929936 0.028727770177838577
0 0.38813694267515925 0.26265389876880985 0.019904458598726117 0.038303693570451436
0 0.34872611464968156 0.29343365253077974 0.02229299363057325 0.03419972640218878
0 0.5294585987261147 0.24213406292749656 0.01592356687898089 0.03556771545827633
0 0.4976114649681529 0.2585499316005472 0.019108280254777073 0.038303693570451436
0 0.285828025477707 0.29411764705882354 0.01751592356687898 0.03556771545827633
0 0.2281050955414013 0.3317373461012312 0.018312101910828025 0.03419972640218878
0 0.019108280254777073 0.4151846785225718 0.028662420382165606 0.0533515731874145
0 0.25477707006369427 0.3645690834473324 0.02229299363057325 0.03967168262653899
0 0.28343949044585987 0.3652530779753762 0.02070063694267516 0.04103967168262654
0 0.33160828025477707 0.34131326949384405 0.023089171974522295 0.04514363885088919
0 0.3606687898089172 0.3372093023255814 0.02070063694267516 0.036935704514363885
0 0.3801751592356688 0.32010943912448697 0.016719745222929936 0.038303693570451436
0 0.4371019108280255 0.2647058823529412 0.019108280254777073 0.03967168262653899
0 0.4267515923566879 0.3652530779753762 0.02229299363057325 0.046511627906976744
0 0.39689490445859876 0.3290013679890561 0.024681528662420384 0.04240766073871409
0 0.4601910828025478 0.2954856361149111 0.019108280254777073 0.03556771545827633
0 0.4924363057324841 0.313953488372093 0.024681528662420384 0.03967168262653899
0 0.4538216560509554 0.40013679890560877 0.03343949044585987 0.047879616963064295
0 0.5250796178343949 0.3440492476060191 0.02945859872611465 0.0506155950752394
0 0.5497611464968153 0.2818057455540356 0.015127388535031847 0.03556771545827633
0 0.5672770700636943 0.2606019151846785 0.00875796178343949 0.028727770177838577
0 0.6090764331210191 0.2606019151846785 0.02070063694267516 0.03146374829001368
0 0.5839968152866243 0.25239398084815323 0.023089171974522295 0.03419972640218878
0 0.660828025477707 0.2660738714090287 0.019108280254777073 0.04514363885088919
0 0.6902866242038217 0.24829001367989056 0.012738853503184714 0.025991792065663474
0 0.5832006369426752 0.3235294117647059 0.019904458598726117 0.036935704514363885
0 0.6230095541401274 0.3057455540355677 0.018312101910828025 0.03419972640218878
0 0.7229299363057325 0.24213406292749656 0.01751592356687898 0.038303693570451436
0 0.7364649681528663 0.22982216142270862 0.019108280254777073 0.038303693570451436
0 0.7563694267515924 0.23461012311901505 0.012738853503184714 0.028727770177838577
0 0.7707006369426752 0.2387140902872777 0.011146496815286625 0.036935704514363885
0 0.8196656050955414 0.2503419972640219 0.01194267515923567 0.03283173734610123
0 0.8479299363057325 0.24213406292749656 0.01592356687898089 0.030095759233926128
0 0.7937898089171975 0.26196990424076605 0.01592356687898089 0.036935704514363885
0 0.8718152866242038 0.28522571819425446 0.01751592356687898 0.047879616963064295
0 0.7085987261146497 0.27906976744186046 0.01751592356687898 0.027359781121751026
0 0.9080414012738854 0.27359781121751026 0.016719745222929936 0.03283173734610123
0 0.9000796178343949 0.29343365253077974 0.019904458598726117 0.03419972640218878
0 0.7969745222929937 0.2961696306429549 0.01592356687898089 0.03146374829001368
0 0.7539808917197452 0.27975376196990426 0.01751592356687898 0.023255813953488372
0 0.7344745222929937 0.2701778385772914 0.018312101910828025 0.025991792065663474
0 0.5835987261146497 0.43912448700410395 0.028662420382165606 0.06839945280437756
0 0.596735668789809 0.35499316005471954 0.015127388535031847 0.0506155950752394
0 0.6385350318471338 0.3625170998632011 0.027070063694267517 0.06292749658002736
0 0.6723726114649682 0.34610123119015046 0.021496815286624206 0.046511627906976744
0 0.7169585987261147 0.3987688098495212 0.02945859872611465 0.0560875512995896
0 0.6855095541401274 0.4692202462380301 0.030254777070063694 0.07113543091655267
0 0.7655254777070064 0.41450068399452805 0.026273885350318472 0.049247606019151846
0 0.792595541401274 0.35841313269493846 0.023089171974522295 0.06292749658002736
0 0.8013535031847134 0.5116279069767442 0.03423566878980892 0.06839945280437756
0 0.8256369426751593 0.4582763337893297 0.038216560509554146 0.05471956224350205
0 0.8308121019108281 0.3276333789329685 0.021496815286624206 0.03419972640218878
0 0.8542993630573249 0.3344733242134063 0.028662420382165606 0.058823529411764705
0 0.839968152866242 0.36662106703146374 0.028662420382165606 0.05471956224350205
0 0.8881369426751593 0.45006839945280436 0.024681528662420384 0.05471956224350205
0 0.9152070063694268 0.3543091655266758 0.019904458598726117 0.046511627906976744
0 0.39888535031847133 0.2954856361149111 0.01592356687898089 0.03283173734610123
0 0.4589968152866242 0.2640218878248974 0.023089171974522295 0.03283173734610123
0 0.5095541401273885 0.27359781121751026 0.01751592356687898 0.04103967168262654
0 0.508359872611465 0.24623803009575923 0.013535031847133758 0.02188782489740082
0 0.6198248407643312 0.2441860465116279 0.015127388535031847 0.03146374829001368
0 0.6564490445859873 0.22366621067031464 0.013535031847133758 0.03146374829001368
0 0.8332006369426752 0.27975376196990426 0.016719745222929936 0.04240766073871409
0 0.8582802547770702 0.30437756497948015 0.014331210191082803 0.03967168262653899
0 0.8929140127388535 0.32147742818057456 0.018312101910828025 0.04377564979480164