0 0.0936030103480715 0.4075630252100841 0.036688617121354655 0.07899159663865547
0 0.25493885230479774 0.284873949579832 0.01317027281279398 0.02184873949579832
0 0.28033866415804326 0.2697478991596639 0.015051740357478834 0.028571428571428574
0 0.2953904045155221 0.26134453781512607 0.01693320790216369 0.0319327731092437
0 0.31702728127939794 0.22100840336134456 0.01317027281279398 0.028571428571428574
0 0.34289746001881466 0.21512605042016808 0.01599247412982126 0.033613445378151266
0 0.3433678269049859 0.26890756302521013 0.018814675446848544 0.033613445378151266
0 0.37017873941674506 0.22268907563025211 0.014111006585136407 0.0319327731092437
0 0.37629350893697083 0.20840336134453782 0.011288805268109126 0.023529411764705882
0 0.37958607714016934 0.2 0.014111006585136407 0.023529411764705882
0 0.4078080903104422 0.1689075630252101 0.014111006585136407 0.025210084033613446
0 0.4223894637817498 0.18067226890756305 0.01693320790216369 0.028571428571428574
0 0.41439322671683915 0.22268907563025211 0.017873941674506115 0.03529411764705882
0 0.4435559736594544 0.2285714285714286 0.017873941674506115 0.040336134453781515
0 0.43132643461900283 0.2697478991596639 0.021636876763875823 0.04201680672268908
0 0.4482596425211665 0.1495798319327731 0.012229539040451553 0.023529411764705882
0 0.44873000940733776 0.17310924369747901 0.018814675446848544 0.030252100840336138
0 0.4571966133584196 0.1957983193277311 0.022577610536218252 0.03529411764705882
0 0.47648165569143935 0.16470588235294117 0.014111006585136407 0.030252100840336138
0 0.46942615239887114 0.15294117647058825 0.01317027281279398 0.023529411764705882
0 0.4863593603010348 0.13781512605042018 0.011288805268109126 0.023529411764705882
0 0.49905926622765756 0.14789915966386555 0.012229539040451553 0.016806722689075633
0 0.5253998118532456 0.13865546218487396 0.01599247412982126 0.0319327731092437
0 0.5094073377234243 0.19075630252100842 0.014111006585136407 0.025210084033613446
0 0.49529633113828786 0.23109243697478993 0.01975540921919097 0.03529411764705882
0 0.5493885230479775 0.16218487394957984 0.018814675446848544 0.0319327731092437
0 0.5451552210724365 0.19243697478991598 0.017873941674506115 0.03865546218487395
0 0.5531514581373471 0.14201680672268907 0.015051740357478834 0.028571428571428574
0 0.5761994355597366 0.11092436974789917 0.010348071495766699 0.023529411764705882
0 0.5818438381937912 0.1495798319327731 0.01599247412982126 0.040336134453781515
0 0.5964252116650988 0.12016806722689076 0.01317027281279398 0.02184873949579832
0 0.6152398871119473 0.10420168067226891 0.011288805268109126 0.020168067226890758
0 0.6138287864534338 0.12605042016806722 0.010348071495766699 0.020168067226890758
0 0.6208842897460018 0.1369747899159664 0.015051740357478834 0.0319327731092437
0 0.6406396989651929 0.10588235294117648 0.01317027281279398 0.02689075630252101
0 0.6293508936970837 0.12605042016806722 0.015051740357478834 0.02689075630252101
0 0.6698024459078081 0.12100840336134455 0.015051740357478834 0.023529411764705882
0 0.6909689557855128 0.09831932773109245 0.014111006585136407 0.028571428571428574
0 0.6895578551269991 0.1403361344537815 0.01317027281279398 0.028571428571428574
0 0.7064910630291628 0.13361344537815126 0.015051740357478834 0.0319327731092437
0 0.48777046095954846 0.2957983193277311 0.023518344308560677 0.04369747899159664
0 0.559266227657573 0.29411764705882354 0.023518344308560677 0.05042016806722689
0 0.5493885230479775 0.246218487394958 0.018814675446848544 0.028571428571428574
0 0.6086547507055503 0.21680672268907564 0.018814675446848544 0.03697478991596639
0 0.6081843838193791 0.25378151260504206 0.021636876763875823 0.04369747899159664
0 0.6495766698024459 0.1781512605042017 0.01975540921919097 0.030252100840336138
0 0.6486359360301035 0.21596638655462186 0.021636876763875823 0.04873949579831933
0 0.6890874882408279 0.17983193277310924 0.01599247412982126 0.03697478991596639
0 0.7008466603951082 0.20756302521008405 0.020696142991533398 0.04873949579831933
0 0.6768579492003763 0.24285714285714288 0.021636876763875823 0.04201680672268908
0 0.5978363123236125 0.3411764705882353 0.027281279397930385 0.05378151260504202
0 0.6688617121354656 0.3478991596638656 0.02634054562558796 0.05378151260504202
0 0.70931326434619 0.2907563025210084 0.024459078080903106 0.05042016806722689
0 0.7831608654750706 0.284873949579832 0.02539981185324553 0.04873949579831933
0 0.7507055503292568 0.23613445378151263 0.020696142991533398 0.04873949579831933
0 0.7455315145813735 0.18487394957983194 0.01599247412982126 0.033613445378151266
0 0.7295390404515523 0.15630252100840336 0.014111006585136407 0.033613445378151266
0 0.7441204139228599 0.14705882352941177 0.015051740357478834 0.0319327731092437
0 0.7601128880526811 0.1596638655462185 0.015051740357478834 0.033613445378151266
0 0.757761053621825 0.1285714285714286 0.014111006585136407 0.028571428571428574
0 0.7502351834430856 0.10420168067226891 0.012229539040451553 0.02689075630252101
0 0.7347130761994356 0.1142857142857143 0.015051740357478834 0.030252100840336138
0 0.7803386641580433 0.12100840336134455 0.012229539040451553 0.02689075630252101
0 0.7949200376293509 0.13613445378151262 0.011288805268109126 0.033613445378151266
0 0.7986829727187206 0.17563025210084035 0.01317027281279398 0.0319327731092437
0 0.8104421448730009 0.15714285714285714 0.014111006585136407 0.028571428571428574
0 0.8109125117591722 0.12941176470588237 0.011288805268109126 0.02689075630252101
0 0.8292568203198495 0.13865546218487396 0.014111006585136407 0.03529411764705882
0 0.8504233301975541 0.19075630252100842 0.015051740357478834 0.03529411764705882
0 0.8518344308560678 0.15378151260504203 0.014111006585136407 0.0319327731092437
0 0.8654750705550329 0.14873949579831933 0.015051740357478834 0.0319327731092437
0 0.8673565380997178 0.12268907563025211 0.011288805268109126 0.023529411764705882
0 0.8955785512699906 0.12941176470588237 0.009407337723424272 0.030252100840336138
0 0.889934148635936 0.17310924369747901 0.015051740357478834 0.030252100840336138
0 0.8772342427093133 0.19831932773109245 0.01599247412982126 0.030252100840336138
0 0.867826904985889 0.2184873949579832 0.017873941674506115 0.03697478991596639
0 0.9303857008466604 0.1638655462184874 0.01317027281279398 0.03529411764705882
0 0.9303857008466604 0.273109243697479 0.018814675446848544 0.03865546218487395