1 0.5127272727272727 0.6062670299727521 0.02181818181818182 0.03542234332425068
1 0.4390909090909091 0.6062670299727521 0.023636363636363636 0.03542234332425068
0 0.39090909090909093 0.5762942779291553 0.01818181818181818 0.024523160762942777
1 0.4209090909090909 0.5694822888283378 0.023636363636363636 0.0326975476839237
0 0.37272727272727274 0.5722070844686649 0.014545454545454545 0.021798365122615803
1 0.35545454545454547 0.5681198910081744 0.02 0.02997275204359673
0 0.3609090909090909 0.5136239782016349 0.012727272727272728 0.024523160762942777
0 0.4772727272727273 0.46730245231607626 0.012727272727272728 0.01907356948228883
0 0.9363636363636364 0.3446866485013624 0.02909090909090909 0.05722070844686648
0 0.9581818181818181 0.3514986376021798 0.03636363636363636 0.049046321525885554
0 0.9590909090909091 0.3188010899182561 0.016363636363636365 0.027247956403269755
0 0.9727272727272728 0.31335149863760214 0.01818181818181818 0.027247956403269755
0 0.8854545454545455 0.35013623978201636 0.02181818181818182 0.04087193460490463
0 0.9072727272727272 0.35967302452316074 0.014545454545454545 0.0326975476839237
0 0.9118181818181819 0.33923705722070846 0.02 0.03542234332425068
0 0.850909090909091 0.3651226158038147 0.02181818181818182 0.0326975476839237
0 0.8372727272727273 0.3623978201634877 0.016363636363636365 0.0326975476839237
0 0.7927272727272727 0.3801089918256131 0.02181818181818182 0.02997275204359673
0 0.8036363636363636 0.4659400544959128 0.02181818181818182 0.03814713896457766
0 0.8190909090909091 0.35831062670299724 0.02 0.03542234332425068
0 0.8654545454545455 0.3569482288828338 0.01818181818181818 0.027247956403269755