1 0.06971153846153846 0.4134615384615385 0.10576923076923078 0.11538461538461539
1 0.265625 0.4411057692307693 0.07451923076923077 0.09855769230769232
1 0.35697115384615385 0.4375 0.06490384615384616 0.08173076923076923
1 0.4242788461538462 0.43028846153846156 0.06971153846153846 0.08173076923076923
1 0.46634615384615385 0.46153846153846156 0.04326923076923077 0.057692307692307696
1 0.5336538461538461 0.5096153846153847 0.06730769230769232 0.07211538461538462
1 0.5540865384615385 0.41586538461538464 0.04567307692307693 0.05288461538461539
1 0.6129807692307693 0.4879807692307693 0.05288461538461539 0.0625
1 0.7271634615384616 0.4555288461538462 0.06490384615384616 0.08413461538461539
1 0.842548076923077 0.453125 0.11778846153846155 0.15625
1 0.9375 0.4206730769230769 0.07692307692307693 0.11538461538461539