1 0.6658653846153847 0.27228915662650605 0.038461538461538464 0.05783132530120483
1 0.6983173076923077 0.27951807228915665 0.021634615384615384 0.04819277108433735
1 0.6009615384615385 0.2987951807228916 0.038461538461538464 0.05301204819277109
1 0.48197115384615385 0.3204819277108434 0.03605769230769231 0.04337349397590362
1 0.4435096153846154 0.3060240963855422 0.03125 0.05783132530120483
1 0.3269230769230769 0.29518072289156627 0.03365384615384616 0.050602409638554224
1 0.20673076923076925 0.33253012048192776 0.03365384615384616 0.04337349397590362
1 0.22355769230769232 0.31084337349397595 0.02403846153846154 0.04337349397590362
1 0.13461538461538464 0.31084337349397595 0.03365384615384616 0.04819277108433735
1 0.06610576923076923 0.3132530120481928 0.05048076923076923 0.05301204819277109
1 0.07692307692307693 0.02168674698795181 0.03365384615384616 0.04337349397590362
1 0.140625 0.01927710843373494 0.04567307692307693 0.03855421686746988
1 0.22716346153846156 0.01927710843373494 0.03605769230769231 0.03855421686746988
1 0.3317307692307693 0.030120481927710847 0.04807692307692308 0.045783132530120486
1 0.44591346153846156 0.025301204819277112 0.03605769230769231 0.050602409638554224
1 0.6009615384615385 0.032530120481927716 0.04326923076923077 0.050602409638554224
1 0.6658653846153847 0.05301204819277109 0.038461538461538464 0.06265060240963856
1 0.7007211538461539 0.050602409638554224 0.03125 0.04819277108433735