0 0.08158396946564885 0.3313659359190556 0.01812977099236641 0.03541315345699831
0 0.12881679389312978 0.3026981450252951 0.02099236641221374 0.045531197301854974
0 0.19036259541984732 0.49494097807757165 0.04103053435114504 0.09612141652613827
0 0.2189885496183206 0.2765598650927487 0.029580152671755722 0.05733558178752107
0 0.2972328244274809 0.2765598650927487 0.025763358778625952 0.05733558178752107
0 0.33253816793893126 0.2639123102866779 0.020038167938931296 0.042158516020236084
0 0.3702290076335878 0.2639123102866779 0.026717557251908396 0.05227655986509275
0 0.4327290076335878 0.21838111298482293 0.01812977099236641 0.0387858347386172
0 0.4532442748091603 0.23102866779089376 0.019083969465648856 0.043844856661045525
0 0.43225190839694655 0.27403035413153454 0.02480916030534351 0.04890387858347386
0 0.4918893129770992 0.31703204047217537 0.03148854961832061 0.06070826306913996
0 0.5491412213740458 0.3608768971332209 0.027671755725190837 0.05733558178752107
0 0.7194656488549618 0.14418212478920742 0.015267175572519083 0.03541315345699831
0 0.7533396946564885 0.14839797639123103 0.01812977099236641 0.03372681281618887
0 0.8897900763358778 0.21838111298482293 0.020038167938931296 0.04890387858347386