1 0.5125000000000001 0.7133333333333334 0.09833333333333334 0.2
1 0.30000000000000004 0.4733333333333334 0.043333333333333335 0.08666666666666667
1 0.6716666666666667 0.405 0.030000000000000002 0.09000000000000001
1 0.5908333333333333 0.505 0.021666666666666667 0.043333333333333335
1 0.6016666666666667 0.43333333333333335 0.016666666666666666 0.04
1 0.5066666666666667 0.405 0.01 0.023333333333333334
1 0.5258333333333334 0.515 0.018333333333333333 0.043333333333333335
1 0.5366666666666667 0.46166666666666667 0.013333333333333334 0.030000000000000002
1 0.4791666666666667 0.4516666666666667 0.015000000000000001 0.03666666666666667
1 0.41000000000000003 0.45833333333333337 0.013333333333333334 0.030000000000000002
1 0.4416666666666667 0.4516666666666667 0.01 0.030000000000000002
1 0.7175 0.3766666666666667 0.015000000000000001 0.03333333333333333