1 0.8515625 0.5386363636363636 0.13125 0.21363636363636362
1 0.15625 0.7284090909090909 0.1 0.12954545454545455
1 0.5109375 0.2511363636363636 0.021875000000000002 0.038636363636363635
1 0.4234375 0.3215909090909091 0.021875000000000002 0.038636363636363635
1 0.40546875000000004 0.3102272727272727 0.0171875 0.03409090909090909
1 0.32734375000000004 0.48636363636363633 0.029687500000000002 0.049999999999999996
1 0.19921875 0.38636363636363635 0.029687500000000002 0.045454545454545456
0 0.56484375 0.8227272727272726 0.1421875 0.22727272727272727
0 0.39375000000000004 0.6738636363636363 0.11875000000000001 0.15227272727272725
1 0.63046875 0.19772727272727272 0.0140625 0.022727272727272728
1 0.48984375 0.29318181818181815 0.0171875 0.02727272727272727
0 0.48828125 0.4284090909090909 0.0234375 0.029545454545454545
1 0.584375 0.18863636363636363 0.018750000000000003 0.02727272727272727
0 0.09140625000000001 0.6613636363636364 0.0703125 0.10909090909090909
0 0.037500000000000006 0.6352272727272728 0.0625 0.10227272727272727
0 0.0234375 0.6931818181818181 0.046875 0.15
0 0.40546875000000004 0.8829545454545454 0.20468750000000002 0.22954545454545452