0 0.16915191053122086 0.49509001636661215 0.04193849021435228 0.07037643207855974
0 0.27632805219012113 0.24222585924713586 0.015843429636533086 0.03273322422258593
0 0.26980428704566634 0.2765957446808511 0.017707362534948742 0.029459901800327332
0 0.32199440820130476 0.21849427168576105 0.015843429636533086 0.03109656301145663
0 0.32665424044734387 0.2397708674304419 0.013979496738117428 0.03109656301145663
0 0.3341099720410065 0.22504091653027825 0.013979496738117428 0.027823240589198037
0 0.3592730661696179 0.2479541734860884 0.021435228331780055 0.03764320785597382
0 0.32199440820130476 0.2782324058919804 0.021435228331780055 0.03273322422258593
0 0.3574091332712022 0.22585924713584288 0.015843429636533086 0.03273322422258593
0 0.3825722273998136 0.19067103109656303 0.013979496738117428 0.03436988543371522
0 0.39422180801491147 0.220949263502455 0.01863932898415657 0.03600654664484452
0 0.391425908667288 0.26268412438625205 0.016775396085740912 0.044189852700491
0 0.40400745573159363 0.2667757774140753 0.021435228331780055 0.0458265139116203
0 0.4068033550792171 0.1849427168576105 0.013979496738117428 0.029459901800327332
0 0.42031686859273065 0.19148936170212766 0.0130475302889096 0.03600654664484452
0 0.4445479962721342 0.176759410801964 0.014911463187325256 0.02618657937806874
0 0.4487418452935694 0.18576104746317512 0.013979496738117428 0.03109656301145663
0 0.4478098788443616 0.23240589198036007 0.021435228331780055 0.0425531914893617
0 0.47996272134203166 0.23649754500818332 0.024231127679403542 0.044189852700491
0 0.45945945945945943 0.15220949263502456 0.011183597390493943 0.02291325695581015
0 0.4808946877912395 0.14402618657937807 0.0130475302889096 0.02618657937806874
0 0.4804287045666356 0.19639934533551556 0.015843429636533086 0.029459901800327332
0 0.4972041006523765 0.18248772504091654 0.017707362534948742 0.03436988543371522
0 0.49487418452935694 0.2103109656301146 0.020503261882572225 0.03436988543371522
0 0.5144454799627213 0.21358428805237317 0.022367194780987885 0.03764320785597382
0 0.53215284249767 0.17594108019639934 0.020503261882572225 0.04091653027823241
0 0.5615097856477167 0.12929623567921442 0.013979496738117428 0.029459901800327332
0 0.5563839701770736 0.15548281505728315 0.016775396085740912 0.03273322422258593
0 0.5745573159366263 0.17757774140752866 0.017707362534948742 0.044189852700491
0 0.5959925442684063 0.14811783960720132 0.013979496738117428 0.024549918166939445
0 0.5824790307548928 0.13747954173486088 0.0130475302889096 0.029459901800327332
0 0.630009319664492 0.13011456628477905 0.011183597390493943 0.027823240589198037
0 0.66309412861137 0.13011456628477905 0.012115563839701771 0.027823240589198037
0 0.6416589002795899 0.14811783960720132 0.015843429636533086 0.027823240589198037
0 0.6146318732525629 0.15384615384615385 0.012115563839701771 0.029459901800327332
0 0.6183597390493942 0.2037643207855974 0.0195712954333644 0.04091653027823241
0 0.5801491146318732 0.2274959083469722 0.023299161230195712 0.0425531914893617
0 0.5191053122087604 0.29705400981996727 0.0260950605778192 0.05073649754500818
0 0.5852749301025163 0.29623567921440264 0.0260950605778192 0.05237315875613748
0 0.6230195712954334 0.24304418985270052 0.021435228331780055 0.04746317512274959
0 0.6365330848089469 0.3109656301145663 0.027958993476234855 0.05564648117839607
0 0.6612301957129543 0.20785597381342064 0.0195712954333644 0.03927986906710311
0 0.6831314072693383 0.21194762684124388 0.016775396085740912 0.04091653027823241
0 0.6924510717614165 0.15220949263502456 0.014911463187325256 0.029459901800327332
0 0.7041006523765144 0.1432078559738134 0.013979496738117428 0.03109656301145663
0 0.7260018639328983 0.13502454991816695 0.0130475302889096 0.027823240589198037
0 0.7283317800559179 0.16775777414075288 0.015843429636533086 0.03436988543371522
0 0.7241379310344828 0.2037643207855974 0.016775396085740912 0.044189852700491
0 0.7036346691519105 0.22504091653027825 0.020503261882572225 0.04746317512274959
0 0.6714818266542404 0.2463175122749591 0.0195712954333644 0.04746317512274959
0 0.7134203168685928 0.27168576104746317 0.027027027027027025 0.05237315875613748
0 0.7595526561043802 0.1342062193126023 0.0130475302889096 0.02618657937806874
0 0.7646784715750232 0.16039279869067105 0.013979496738117428 0.03600654664484452
0 0.7809878844361603 0.15466448445171851 0.0130475302889096 0.03109656301145663
0 0.7996272134203168 0.1661211129296236 0.016775396085740912 0.03436988543371522
0 0.825722273998136 0.1563011456628478 0.0130475302889096 0.027823240589198037
0 0.8415657036346691 0.17266775777414076 0.014911463187325256 0.03436988543371522
0 0.8410997204100652 0.2021276595744681 0.013979496738117428 0.03764320785597382
0 0.890959925442684 0.16366612111292964 0.011183597390493943 0.029459901800327332
0 0.8811742777260019 0.17430441898527005 0.012115563839701771 0.03109656301145663
0 0.8788443616029823 0.1972176759410802 0.016775396085740912 0.03436988543371522
0 0.9109972041006523 0.2291325695581015 0.0195712954333644 0.04909983633387889
0 0.9189189189189189 0.2602291325695581 0.020503261882572225 0.05237315875613748
0 0.8555452003727866 0.2561374795417349 0.01863932898415657 0.04746317512274959
0 0.8238583410997203 0.22667757774140754 0.01863932898415657 0.04091653027823241
0 0.842031686859273 0.31751227495908346 0.023299161230195712 0.05564648117839607
0 0.7684063373718546 0.20540098199672668 0.017707362534948742 0.04746317512274959
0 0.755358807082945 0.23486088379705403 0.021435228331780055 0.05400981996726678
0 0.7814538676607642 0.25777414075286414 0.021435228331780055 0.05400981996726678