1 0.037259615384615384 0.4265060240963856 0.05048076923076923 0.05783132530120483
1 0.2512019230769231 0.42530120481927713 0.04567307692307693 0.06024096385542169
1 0.39903846153846156 0.41445783132530123 0.038461538461538464 0.05783132530120483
1 0.4435096153846154 0.419277108433735 0.05048076923076923 0.06265060240963856
1 0.28125 0.43975903614457834 0.019230769230769232 0.02168674698795181
1 0.6045673076923077 0.44698795180722894 0.026442307692307696 0.04096385542168675
1 0.65625 0.4301204819277109 0.03365384615384616 0.045783132530120486
1 0.6995192307692308 0.4409638554216868 0.028846153846153848 0.04337349397590362
1 0.764423076923077 0.4373493975903615 0.04326923076923077 0.06024096385542169
1 0.8617788461538463 0.43975903614457834 0.06490384615384616 0.09397590361445785
1 0.8990384615384616 0.4240963855421687 0.019230769230769232 0.05783132530120483
1 0.3509615384615385 0.4204819277108434 0.05288461538461539 0.06024096385542169