1 0.4608333333333334 0.430952380952381 0.055 0.1380952380952381
1 0.33166666666666667 0.38333333333333336 0.05166666666666667 0.1349206349206349
1 0.53 0.376984126984127 0.05166666666666667 0.12857142857142856
1 0.43125 0.319047619047619 0.0475 0.12063492063492064
1 0.27166666666666667 0.3412698412698413 0.055 0.11746031746031746
1 0.21958333333333335 0.4015873015873016 0.05416666666666667 0.13333333333333333
1 0.14250000000000002 0.38571428571428573 0.058333333333333334 0.13968253968253969
1 0.08125 0.3880952380952381 0.0625 0.1349206349206349
1 0.0125 0.26587301587301587 0.025 0.14126984126984127
1 0.6258333333333334 0.4785714285714286 0.05333333333333334 0.11904761904761904
1 0.6666666666666667 0.38015873015873014 0.05166666666666667 0.12857142857142856
1 0.5704166666666667 0.3238095238095238 0.04416666666666667 0.11746031746031746
1 0.6933333333333334 0.3380952380952381 0.04666666666666667 0.10793650793650794
1 0.7679166666666667 0.4015873015873016 0.04916666666666667 0.1365079365079365
1 0.82125 0.3468253968253968 0.04583333333333334 0.1126984126984127
1 0.8704166666666667 0.3865079365079365 0.04916666666666667 0.13174603174603175
1 0.9308333333333334 0.34523809523809523 0.055 0.12857142857142856
1 0.98375 0.3682539682539683 0.030833333333333334 0.1365079365079365