0 0.15763546798029554 0.460801393728223 0.05123152709359605 0.09233449477351917
0 0.3344827586206896 0.2264808362369338 0.014778325123152709 0.03484320557491289
0 0.3315270935960591 0.1951219512195122 0.014778325123152709 0.0313588850174216
0 0.3428571428571428 0.2029616724738676 0.013793103448275862 0.029616724738675958
0 0.40788177339901477 0.20470383275261325 0.01773399014778325 0.033101045296167246
0 0.4413793103448276 0.22038327526132404 0.019704433497536943 0.033101045296167246
0 0.47733990147783245 0.2221254355400697 0.020689655172413793 0.036585365853658534
0 0.41477832512315266 0.1794425087108014 0.015763546798029555 0.0313588850174216
0 0.4448275862068965 0.18292682926829268 0.016748768472906402 0.0313588850174216
0 0.46600985221674873 0.19686411149825783 0.01773399014778325 0.03484320557491289
0 0.42216748768472906 0.1559233449477352 0.014778325123152709 0.02613240418118467
0 0.438423645320197 0.15940766550522648 0.015763546798029555 0.02613240418118467
0 0.4591133004926108 0.1437282229965157 0.013793103448275862 0.02264808362369338
0 0.4729064039408867 0.14982578397212543 0.015763546798029555 0.0313588850174216
0 0.4945812807881773 0.1602787456445993 0.015763546798029555 0.03484320557491289
0 0.49753694581280783 0.13937282229965156 0.013793103448275862 0.024390243902439025
0 0.5014778325123153 0.12456445993031359 0.009852216748768471 0.02613240418118467
0 0.5142857142857142 0.13588850174216027 0.011822660098522167 0.027874564459930314
0 0.522167487684729 0.1210801393728223 0.011822660098522167 0.02613240418118467
0 0.5325123152709359 0.13763066202090593 0.014778325123152709 0.027874564459930314
0 0.5305418719211822 0.15853658536585366 0.014778325123152709 0.0313588850174216
0 0.5374384236453201 0.18466898954703834 0.016748768472906402 0.0313588850174216
0 0.5591133004926108 0.16289198606271776 0.014778325123152709 0.02613240418118467
0 0.5615763546798029 0.14547038327526132 0.015763546798029555 0.02613240418118467
0 0.5817733990147783 0.11411149825783973 0.012807881773399013 0.02613240418118467
0 0.6073891625615763 0.10104529616724739 0.012807881773399013 0.020905923344947737
0 0.6 0.12195121951219512 0.011822660098522167 0.0313588850174216
0 0.6142857142857142 0.12020905923344948 0.012807881773399013 0.024390243902439025
0 0.6285714285714286 0.10627177700348432 0.009852216748768471 0.027874564459930314
0 0.5911330049261083 0.14634146341463414 0.015763546798029555 0.0313588850174216
0 0.5847290640394088 0.171602787456446 0.016748768472906402 0.036585365853658534
0 0.5684729064039409 0.23954703832752614 0.02167487684729064 0.047038327526132406
0 0.5458128078817733 0.29442508710801396 0.027586206896551724 0.0627177700348432
0 0.5123152709359605 0.29006968641114983 0.029556650246305417 0.05400696864111498
0 0.6182266009852216 0.15069686411149827 0.014778325123152709 0.033101045296167246
0 0.6241379310344827 0.20644599303135888 0.020689655172413793 0.050522648083623695
0 0.6108374384236452 0.2691637630662021 0.023645320197044333 0.047038327526132406
0 0.5980295566502463 0.304006968641115 0.029556650246305417 0.06794425087108014
0 0.6413793103448275 0.13240418118466898 0.011822660098522167 0.020905923344947737
0 0.6527093596059113 0.10975609756097561 0.01083743842364532 0.024390243902439025
0 0.6522167487684729 0.14111498257839722 0.011822660098522167 0.027874564459930314
0 0.6738916256157635 0.11759581881533102 0.009852216748768471 0.02264808362369338
0 0.6807881773399014 0.12804878048780488 0.009852216748768471 0.02613240418118467
0 0.7009852216748768 0.13153310104529617 0.01083743842364532 0.02613240418118467
0 0.7172413793103448 0.1489547038327526 0.013793103448275862 0.033101045296167246
0 0.7019704433497537 0.16463414634146342 0.014778325123152709 0.033101045296167246
0 0.7014778325123152 0.19076655052264807 0.01773399014778325 0.036585365853658534
0 0.6615763546798029 0.22038327526132404 0.020689655172413793 0.04355400696864112
0 0.6507389162561575 0.1986062717770035 0.018719211822660096 0.041811846689895474
0 0.6729064039408866 0.2770034843205575 0.023645320197044333 0.04529616724738676
0 0.6758620689655171 0.3205574912891986 0.027586206896551724 0.06620209059233449
0 0.7167487684729064 0.23606271777003485 0.020689655172413793 0.05400696864111498
0 0.7463054187192117 0.1289198606271777 0.012807881773399013 0.0313588850174216
0 0.7522167487684729 0.1254355400696864 0.01083743842364532 0.024390243902439025
0 0.7502463054187192 0.15156794425087108 0.014778325123152709 0.0313588850174216
0 0.7413793103448275 0.1750871080139373 0.012807881773399013 0.036585365853658534
0 0.7591133004926108 0.19076655052264807 0.016748768472906402 0.036585365853658534
0 0.7729064039408866 0.13937282229965156 0.012807881773399013 0.0313588850174216
0 0.7950738916256157 0.17421602787456447 0.013793103448275862 0.0313588850174216
0 0.7827586206896551 0.20818815331010454 0.018719211822660096 0.036585365853658534
0 0.7926108374384235 0.2865853658536585 0.022660098522167486 0.05749128919860627
0 0.8019704433497536 0.2700348432055749 0.01773399014778325 0.04878048780487805
0 0.8068965517241379 0.20557491289198607 0.013793103448275862 0.03832752613240418
0 0.8241379310344827 0.1794425087108014 0.014778325123152709 0.03832752613240418
0 0.8339901477832512 0.1602787456445993 0.012807881773399013 0.03484320557491289
0 0.8453201970443349 0.19076655052264807 0.013793103448275862 0.04006968641114982
0 0.8556650246305418 0.18118466898954705 0.014778325123152709 0.03484320557491289
0 0.867487684729064 0.156794425087108 0.012807881773399013 0.03484320557491289
0 0.8266009852216748 0.22909407665505227 0.01773399014778325 0.04355400696864112
0 0.876847290640394 0.1480836236933798 0.013793103448275862 0.024390243902439025
0 0.9078817733990147 0.16637630662020905 0.012807881773399013 0.033101045296167246
0 0.9009852216748768 0.17770034843205576 0.01083743842364532 0.024390243902439025
0 0.8950738916256157 0.19425087108013936 0.014778325123152709 0.033101045296167246
0 0.8852216748768472 0.20034843205574912 0.014778325123152709 0.0313588850174216
0 0.8738916256157635 0.24303135888501742 0.019704433497536943 0.05400696864111498
0 0.864039408866995 0.27177700348432055 0.019704433497536943 0.05226480836236934
0 0.8389162561576354 0.313588850174216 0.02463054187192118 0.05226480836236934
0 0.8270935960591133 0.35714285714285715 0.02463054187192118 0.06620209059233449
0 0.7517241379310344 0.3397212543554007 0.027586206896551724 0.06620209059233449
0 0.9083743842364531 0.3336236933797909 0.019704433497536943 0.05749128919860627
0 0.925615763546798 0.3083623693379791 0.020689655172413793 0.05574912891986063
0 0.9211822660098521 0.25261324041811845 0.02167487684729064 0.04878048780487805
0 0.9197044334975368 0.2273519163763066 0.018719211822660096 0.04006968641114982
0 0.9403940886699507 0.20557491289198607 0.014778325123152709 0.0313588850174216
0 0.9339901477832512 0.17857142857142858 0.013793103448275862 0.036585365853658534