1 0.2572115384615385 0.5807228915662651 0.07211538461538462 0.05301204819277109
1 0.5264423076923077 0.6771084337349398 0.019230769230769232 0.01927710843373494
1 0.5661057692307693 0.6963855421686748 0.01682692307692308 0.014457831325301207
1 0.6213942307692308 0.6975903614457832 0.01682692307692308 0.016867469879518072
1 0.6538461538461539 0.7012048192771085 0.019230769230769232 0.024096385542168676
1 0.8365384615384616 0.7204819277108434 0.019230769230769232 0.01927710843373494
1 0.5276442307692308 0.9855421686746989 0.01682692307692308 0.01927710843373494
1 0.5661057692307693 0.9662650602409639 0.01682692307692308 0.01927710843373494
1 0.623798076923077 0.9662650602409639 0.01682692307692308 0.014457831325301207
1 0.6538461538461539 0.9578313253012049 0.014423076923076924 0.02168674698795181
1 0.8353365384615385 0.9409638554216868 0.01682692307692308 0.026506024096385545