1 0.1835 0.05533980582524271 0.083 0.09902912621359222
1 0.2785 0.11019417475728155 0.079 0.09029126213592233
1 0.3995 0.059223300970873784 0.075 0.10485436893203882
1 0.5585 0.08834951456310679 0.081 0.09902912621359222
1 0.7165 0.062135922330097085 0.077 0.09902912621359222
1 0.878 0.0854368932038835 0.08 0.1029126213592233
1 0.8815000000000001 0.39757281553398055 0.08700000000000001 0.09805825242718447
1 0.67 0.35582524271844657 0.084 0.11359223300970873
1 0.554 0.3961165048543689 0.09 0.0854368932038835
1 0.3565 0.3990291262135922 0.089 0.11067961165048543
1 0.1945 0.3878640776699029 0.089 0.10776699029126213
1 0.1525 0.6946601941747572 0.085 0.11553398058252427
1 0.225 0.6927184466019417 0.066 0.1058252427184466
1 0.3735 0.6864077669902913 0.069 0.09514563106796116
1 0.4835 0.6990291262135923 0.063 0.09320388349514563
1 0.5905 0.7019417475728155 0.075 0.07961165048543689
1 0.6995 0.6757281553398058 0.069 0.0912621359223301
1 0.7845 0.7257281553398058 0.067 0.08834951456310679
1 0.902 0.7043689320388349 0.068 0.09417475728155339