0 0.4014423076923077 0.3269230769230769 0.07211538461538462 0.06730769230769232
1 0.4759615384615385 0.5805288461538461 0.07692307692307693 0.0889423076923077
1 0.03365384615384616 0.5745192307692308 0.06730769230769232 0.08173076923076923
1 0.12740384615384617 0.576923076923077 0.07692307692307693 0.08173076923076923
0 0.1670673076923077 0.6298076923076923 0.03605769230769231 0.057692307692307696
1 0.28125 0.5805288461538461 0.05288461538461539 0.0889423076923077
0 0.24879807692307693 0.5865384615384616 0.021634615384615384 0.03365384615384616
1 0.31730769230769235 0.576923076923077 0.028846153846153848 0.07211538461538462
0 0.34134615384615385 0.5949519230769231 0.019230769230769232 0.040865384615384616
0 0.3581730769230769 0.6069711538461539 0.019230769230769232 0.03605769230769231
0 0.5853365384615385 0.6274038461538461 0.03125 0.038461538461538464
1 0.6286057692307693 0.6442307692307693 0.05528846153846154 0.06730769230769232
0 0.670673076923077 0.6117788461538461 0.03365384615384616 0.04567307692307693
0 0.7475961538461539 0.625 0.019230769230769232 0.038461538461538464