1 0.191566265060241 0.13701923076923078 0.1710843373493976 0.16826923076923078
1 0.4024096385542169 0.24639423076923078 0.21204819277108436 0.2716346153846154
1 0.5686746987951807 0.18509615384615385 0.13493975903614458 0.1875
1 0.6734939759036145 0.2776442307692308 0.08433734939759037 0.09855769230769232
0 0.42891566265060244 0.05528846153846154 0.033734939759036145 0.04326923076923077
0 0.519277108433735 0.03966346153846154 0.03132530120481928 0.040865384615384616
0 0.5566265060240965 0.04447115384615385 0.04819277108433735 0.06490384615384616
0 0.610843373493976 0.03125 0.045783132530120486 0.0625
0 0.6686746987951808 0.037259615384615384 0.055421686746987955 0.07451923076923077
0 0.7807228915662652 0.07692307692307693 0.03855421686746988 0.04326923076923077
1 0.8530120481927712 0.109375 0.0963855421686747 0.21875
1 0.9506024096385542 0.11057692307692309 0.09397590361445785 0.22115384615384617