0 0.41355463347164595 0.2179176755447942 0.016597510373443983 0.03389830508474576
0 0.45020746887966806 0.24334140435835352 0.020746887966804982 0.036319612590799036
0 0.4640387275242047 0.17675544794188863 0.01521438450899032 0.03389830508474576
0 0.4868603042876902 0.18401937046004843 0.013831258644536654 0.029055690072639227
0 0.5573997233748271 0.18159806295399517 0.016597510373443983 0.029055690072639227
0 0.5663900414937759 0.19128329297820823 0.01798063623789765 0.03389830508474576
0 0.6424619640387276 0.1368038740920097 0.01521438450899032 0.036319612590799036
0 0.6251728907330567 0.14527845036319614 0.016597510373443983 0.029055690072639227
0 0.4757952973720609 0.10653753026634383 0.016597510373443983 0.02421307506053269
0 0.681881051175657 0.1828087167070218 0.019363762102351315 0.036319612590799036
0 0.6853388658367912 0.2288135593220339 0.02351313969571231 0.04600484261501211
0 0.7295988934993085 0.23365617433414046 0.02351313969571231 0.04600484261501211
0 0.6383125864453666 0.23123486682808717 0.020746887966804982 0.036319612590799036
0 0.6894882434301521 0.288135593220339 0.020746887966804982 0.04358353510895884
0 0.6265560165975104 0.28571428571428575 0.019363762102351315 0.0387409200968523
0 0.6424619640387276 0.3329297820823245 0.031811894882434306 0.05569007263922519
0 0.946749654218534 0.2493946731234867 0.02351313969571231 0.04358353510895884