0 0.1254208754208754 0.5161971830985915 0.043771043771043766 0.08028169014084507
0 0.22095959595959594 0.3330985915492958 0.017676767676767676 0.03802816901408451
0 0.25336700336700335 0.34436619718309863 0.021885521885521883 0.03802816901408451
0 0.28577441077441074 0.29295774647887324 0.01936026936026936 0.030985915492957747
0 0.3308080808080808 0.34084507042253526 0.021885521885521883 0.04788732394366198
0 0.3493265993265993 0.32253521126760565 0.013468013468013467 0.030985915492957747
0 0.3480639730639731 0.2908450704225352 0.015993265993265993 0.035211267605633804
0 0.3855218855218855 0.2549295774647887 0.01515151515151515 0.028169014084507043
0 0.4124579124579124 0.2591549295774648 0.01515151515151515 0.028169014084507043
0 0.42297979797979796 0.252112676056338 0.014309764309764309 0.02535211267605634
0 0.4006734006734007 0.29225352112676056 0.01515151515151515 0.029577464788732397
0 0.4057239057239057 0.3246478873239437 0.021885521885521883 0.04084507042253521
0 0.44696969696969696 0.3330985915492958 0.0202020202020202 0.03802816901408451
0 0.47138047138047134 0.3014084507042254 0.018518518518518517 0.033802816901408454
0 0.4419191919191919 0.25704225352112675 0.01515151515151515 0.035211267605633804
0 0.46170033670033667 0.2387323943661972 0.014309764309764309 0.026760563380281693
0 0.4671717171717171 0.23098591549295777 0.013468013468013467 0.02535211267605634
0 0.4709595959595959 0.25985915492957745 0.015993265993265993 0.029577464788732397
0 0.5046296296296297 0.2591549295774648 0.012626262626262626 0.028169014084507043
0 0.5117845117845118 0.24929577464788732 0.011784511784511785 0.02535211267605634
0 0.5281986531986532 0.27323943661971833 0.017676767676767676 0.033802816901408454
0 0.5441919191919191 0.2507042253521127 0.012626262626262626 0.030985915492957747
0 0.502104377104377 0.32253521126760565 0.01936026936026936 0.036619718309859155
0 0.4781144781144781 0.39577464788732397 0.03198653198653199 0.04788732394366198
0 0.5378787878787878 0.35211267605633806 0.0202020202020202 0.053521126760563385
0 0.5542929292929293 0.27253521126760566 0.014309764309764309 0.029577464788732397
0 0.5559764309764309 0.22323943661971832 0.012626262626262626 0.026760563380281693
0 0.569023569023569 0.21338028169014087 0.0101010101010101 0.018309859154929577
0 0.5736531986531986 0.23028169014084507 0.014309764309764309 0.029577464788732397
0 0.5765993265993266 0.2584507042253521 0.01515151515151515 0.029577464788732397
0 0.6014309764309764 0.24647887323943662 0.010942760942760942 0.02535211267605634
0 0.6039562289562289 0.22464788732394367 0.010942760942760942 0.026760563380281693
0 0.6094276094276094 0.20422535211267606 0.01515151515151515 0.02535211267605634
0 0.6014309764309764 0.321830985915493 0.02104377104377104 0.04647887323943662
0 0.5382996632996633 0.42323943661971836 0.031144781144781142 0.06056338028169014
0 0.5837542087542087 0.44929577464788734 0.032828282828282825 0.07323943661971831
0 0.6367845117845118 0.4584507042253521 0.03451178451178451 0.06338028169014084
0 0.6132154882154882 0.36056338028169016 0.022727272727272728 0.04507042253521127
0 0.662037037037037 0.3570422535211268 0.02946127946127946 0.04647887323943662
0 0.6510942760942761 0.3380281690140845 0.02104377104377104 0.04225352112676056
0 0.6346801346801346 0.2971830985915493 0.016835016835016835 0.028169014084507043
0 0.6376262626262627 0.2471830985915493 0.014309764309764309 0.029577464788732397
0 0.6746632996632996 0.2056338028169014 0.009259259259259259 0.02535211267605634
0 0.6776094276094276 0.22535211267605634 0.011784511784511785 0.02535211267605634
0 0.6868686868686869 0.22183098591549297 0.011784511784511785 0.026760563380281693
0 0.6734006734006733 0.2690140845070423 0.016835016835016835 0.033802816901408454
0 0.710016835016835 0.2471830985915493 0.015993265993265993 0.03802816901408451
0 0.6801346801346801 0.3098591549295775 0.018518518518518517 0.04507042253521127
0 0.694023569023569 0.35281690140845073 0.022727272727272728 0.04929577464788733
0 0.7243265993265993 0.3894366197183099 0.02441077441077441 0.05211267605633803
0 0.7382154882154882 0.24577464788732395 0.016835016835016835 0.0323943661971831
0 0.7504208754208754 0.23450704225352115 0.014309764309764309 0.026760563380281693
0 0.7849326599326599 0.27605633802816903 0.015993265993265993 0.03943661971830986
0 0.7765151515151515 0.26126760563380286 0.014309764309764309 0.026760563380281693
0 0.7916666666666666 0.25704225352112675 0.014309764309764309 0.029577464788732397
0 0.7861952861952861 0.23450704225352115 0.01515151515151515 0.035211267605633804
0 0.8169191919191919 0.2387323943661972 0.012626262626262626 0.026760563380281693
0 0.8278619528619529 0.26126760563380286 0.017676767676767676 0.035211267605633804
0 0.8152356902356902 0.2887323943661972 0.01936026936026936 0.033802816901408454
0 0.8186026936026936 0.3507042253521127 0.01936026936026936 0.04788732394366198
0 0.8173400673400673 0.3330985915492958 0.018518518518518517 0.0323943661971831
0 0.8539562289562289 0.2535211267605634 0.012626262626262626 0.022535211267605635
0 0.8627946127946128 0.2661971830985916 0.01515151515151515 0.036619718309859155
0 0.888047138047138 0.25140845070422535 0.011784511784511785 0.029577464788732397
0 0.8543771043771043 0.3154929577464789 0.016835016835016835 0.03943661971830986
0 0.8775252525252525 0.3288732394366197 0.017676767676767676 0.04366197183098592
0 0.8977272727272727 0.31408450704225355 0.014309764309764309 0.033802816901408454
0 0.9069865319865319 0.28450704225352114 0.014309764309764309 0.036619718309859155
0 0.9419191919191918 0.30281690140845074 0.016835016835016835 0.033802816901408454
0 0.9478114478114478 0.2795774647887324 0.013468013468013467 0.026760563380281693
0 0.9276094276094276 0.31690140845070425 0.018518518518518517 0.030985915492957747
0 0.9368686868686869 0.397887323943662 0.018518518518518517 0.04647887323943662
0 0.8560606060606061 0.39929577464788735 0.02356902356902357 0.04929577464788733
0 0.9318181818181818 0.46197183098591554 0.03535353535353535 0.061971830985915494
0 0.7899831649831649 0.4183098591549296 0.022727272727272728 0.061971830985915494
0 0.8472222222222222 0.46056338028169014 0.027777777777777776 0.056338028169014086
0 0.704124579124579 0.5309859154929578 0.03956228956228956 0.07605633802816902
0 0.8169191919191919 0.504225352112676 0.03787878787878788 0.07042253521126761
0 0.273989898989899 0.3767605633802817 0.02104377104377104 0.0323943661971831
0 0.7070707070707071 0.29507042253521126 0.021885521885521883 0.03802816901408451
0 0.6418350168350168 0.22183098591549297 0.012626262626262626 0.029577464788732397