1 0.03125 0.05528846153846154 0.0625 0.11057692307692309
1 0.03245192307692308 0.2980769230769231 0.06490384615384616 0.1201923076923077
1 0.18149038461538464 0.06370192307692309 0.09375 0.12740384615384617
1 0.18149038461538464 0.2920673076923077 0.09375 0.13221153846153846
1 0.3341346153846154 0.12259615384615385 0.09615384615384616 0.11057692307692309
1 0.33293269230769235 0.2295673076923077 0.09855769230769232 0.10817307692307693
1 0.5120192307692308 0.1045673076923077 0.09134615384615385 0.10336538461538462
1 0.45793269230769235 0.05288461538461539 0.08413461538461539 0.10576923076923078
1 0.4603365384615385 0.3040865384615385 0.0889423076923077 0.11298076923076923
1 0.5096153846153847 0.25 0.08653846153846154 0.11057692307692309
1 0.71875 0.36778846153846156 0.11057692307692309 0.13461538461538464
1 0.5072115384615384 0.359375 0.09615384615384616 0.12259615384615385
1 0.561298076923077 0.41947115384615385 0.10817307692307693 0.13701923076923078
1 0.31490384615384615 0.3858173076923077 0.09615384615384616 0.12259615384615385
1 0.109375 0.40625 0.10817307692307693 0.1201923076923077
1 0.8209134615384616 0.03605769230769231 0.08413461538461539 0.07211538461538462
1 0.8665865384615385 0.0733173076923077 0.09375 0.11778846153846155
1 0.9579326923076924 0.08052884615384616 0.07932692307692309 0.12740384615384617
1 0.8689903846153847 0.27403846153846156 0.0889423076923077 0.11057692307692309
1 0.9567307692307693 0.26802884615384615 0.08173076923076923 0.12259615384615385
1 0.8257211538461539 0.33774038461538464 0.09375 0.12259615384615385
1 0.8125 0.4903846153846154 0.1201923076923077 0.13461538461538464
1 0.8485576923076924 0.530048076923077 0.11538461538461539 0.14182692307692307
0 0.9567307692307693 0.5396634615384616 0.08173076923076923 0.13221153846153846
1 0.7427884615384616 0.6177884615384616 0.09134615384615385 0.14423076923076925
1 0.6346153846153847 0.6141826923076923 0.13461538461538464 0.16105769230769232
0 0.5396634615384616 0.701923076923077 0.13221153846153846 0.09134615384615385
1 0.17307692307692307 0.5757211538461539 0.125 0.1514423076923077
0 0.15264423076923078 0.7271634615384616 0.10336538461538462 0.11778846153846155
0 0.15264423076923078 0.8990384615384616 0.09855769230769232 0.13461538461538464
0 0.04927884615384616 0.640625 0.09855769230769232 0.12259615384615385
0 0.021634615384615384 0.6838942307692308 0.04326923076923077 0.13221153846153846
0 0.5384615384615385 0.9182692307692308 0.1201923076923077 0.13942307692307693