0 0.8473557692307693 0.3509615384615385 0.040865384615384616 0.05288461538461539
0 0.701923076923077 0.3581730769230769 0.038461538461538464 0.04807692307692308
0 0.5757211538461539 0.36418269230769235 0.03125 0.040865384615384616
0 0.53125 0.3581730769230769 0.028846153846153848 0.038461538461538464
0 0.5012019230769231 0.359375 0.03125 0.05048076923076923
0 0.4651442307692308 0.3665865384615385 0.03125 0.040865384615384616
0 0.4206730769230769 0.35697115384615385 0.028846153846153848 0.04567307692307693
0 0.3665865384615385 0.3701923076923077 0.03605769230769231 0.038461538461538464
0 0.2451923076923077 0.3545673076923077 0.014423076923076924 0.040865384615384616
0 0.2692307692307693 0.359375 0.038461538461538464 0.06490384615384616
0 0.18629807692307693 0.34855769230769235 0.021634615384615384 0.038461538461538464
0 0.21274038461538464 0.3449519230769231 0.03125 0.04567307692307693
0 0.12860576923076925 0.3497596153846154 0.05048076923076923 0.05528846153846154
0 0.06971153846153846 0.3497596153846154 0.03365384615384616 0.03605769230769231
0 0.019230769230769232 0.3665865384615385 0.028846153846153848 0.03605769230769231