1 0.14754098360655737 0.22 0.17906683480453972 0.30666666666666664
1 0.319672131147541 0.20666666666666667 0.11223203026481715 0.23555555555555555
1 0.3656998738965952 0.18777777777777777 0.0807061790668348 0.19777777777777777
1 0.42118537200504413 0.2588888888888889 0.07313997477931904 0.16666666666666666
1 0.5258511979823455 0.21888888888888888 0.07061790668348045 0.16666666666666666
1 0.6160151324085751 0.21555555555555556 0.05926860025220681 0.15555555555555556
1 0.7307692307692307 0.2 0.05422446406052964 0.13777777777777778
1 0.8745271122320303 0.27 0.05674653215636822 0.12222222222222222
0 0.7831021437578815 0.2577777777777778 0.04791929382093316 0.1111111111111111
0 0.9728877679697352 0.24333333333333335 0.04665825977301387 0.15333333333333332
0 0.9451450189155107 0.24222222222222223 0.034047919293820936 0.09333333333333334
0 0.9148802017654477 0.2688888888888889 0.01639344262295082 0.044444444444444446
0 0.5769230769230769 0.2544444444444444 0.013871374527112231 0.03333333333333333
0 0.48865069356872637 0.24333333333333335 0.031525851197982346 0.09111111111111111
0 0.255359394703657 0.2411111111111111 0.013871374527112231 0.028888888888888888
0 0.035939470365699874 0.21222222222222223 0.018915510718789406 0.03777777777777778
0 0.04728877679697352 0.20222222222222222 0.01639344262295082 0.035555555555555556