1 0.7548076923076924 0.7120481927710844 0.12980769230769232 0.11325301204819278
1 0.7536057692307693 0.866265060240964 0.13701923076923078 0.11325301204819278
1 0.49399038461538464 0.3650602409638555 0.12259615384615385 0.13734939759036147
0 0.3665865384615385 0.5397590361445783 0.3774038461538462 0.48192771084337355
1 0.6454326923076923 0.27108433734939763 0.03125 0.04096385542168675
0 0.6466346153846154 0.33614457831325306 0.06730769230769232 0.1710843373493976
1 0.4567307692307693 0.25903614457831325 0.028846153846153848 0.04096385542168675
1 0.31009615384615385 0.25903614457831325 0.038461538461538464 0.04096385542168675
1 0.6466346153846154 0.14457831325301207 0.03365384615384616 0.04337349397590362
1 0.49278846153846156 0.05783132530120483 0.125 0.11566265060240966
1 0.4567307692307693 0.15421686746987953 0.028846153846153848 0.04819277108433735
1 0.3088942307692308 0.15421686746987953 0.03605769230769231 0.04819277108433735