0 0.7524038461538461 0.43149038461538464 0.05288461538461539 0.06490384615384616
0 0.43149038461538464 0.4399038461538462 0.03605769230769231 0.04807692307692308
1 0.27043269230769235 0.42668269230769235 0.06971153846153846 0.07932692307692309
1 0.3665865384615385 0.4326923076923077 0.05528846153846154 0.0625
1 0.5276442307692308 0.43149038461538464 0.04567307692307693 0.05048076923076923
1 0.6766826923076923 0.42668269230769235 0.03125 0.03125
1 0.8665865384615385 0.4206730769230769 0.026442307692307696 0.028846153846153848
1 0.9254807692307693 0.41947115384615385 0.028846153846153848 0.026442307692307696
1 0.9723557692307693 0.4182692307692308 0.03125 0.03365384615384616
1 0.06850961538461539 0.4435096153846154 0.11778846153846155 0.11298076923076923
1 0.1514423076923077 0.41466346153846156 0.06730769230769232 0.06490384615384616