1 0.47000000000000003 0.10479041916167665 0.08 0.15568862275449102
1 0.652 0.17065868263473055 0.036000000000000004 0.0658682634730539
1 0.8 0.1631736526946108 0.048 0.08682634730538923
1 0.899 0.12275449101796408 0.046 0.07784431137724551
1 0.367 0.15568862275449102 0.026000000000000002 0.04790419161676647
1 0.334 0.16766467065868265 0.028 0.04790419161676647
1 0.068 0.1661676646706587 0.02 0.038922155688622756
1 0.089 0.17065868263473055 0.022 0.04790419161676647
1 0.115 0.17065868263473055 0.014 0.023952095808383235
1 0.129 0.14820359281437126 0.034 0.0688622754491018
1 0.18 0.1691616766467066 0.012 0.02095808383233533
1 0.19 0.16467065868263475 0.012 0.023952095808383235
1 0.20700000000000002 0.17365269461077845 0.014 0.023952095808383235
1 0.22 0.1721556886227545 0.016 0.038922155688622756
1 0.233 0.16766467065868265 0.014 0.023952095808383235
1 0.26 0.17365269461077845 0.012 0.023952095808383235
1 0.28200000000000003 0.17065868263473055 0.016 0.035928143712574856
1 0.27 0.17365269461077845 0.008 0.023952095808383235
1 0.304 0.17514970059880242 0.012 0.02095808383233533
1 0.35100000000000003 0.1691616766467066 0.014 0.03293413173652695
1 0.323 0.17814371257485032 0.01 0.03293413173652695
1 0.431 0.1661676646706587 0.026000000000000002 0.04491017964071856