0 0.9459134615384616 0.5072115384615384 0.03605769230769231 0.04807692307692308
1 0.8257211538461539 0.5420673076923077 0.07451923076923077 0.06971153846153846
0 0.7103365384615385 0.5324519230769231 0.040865384615384616 0.05048076923076923
0 0.6382211538461539 0.5384615384615385 0.040865384615384616 0.04807692307692308
0 0.4807692307692308 0.5072115384615384 0.04326923076923077 0.057692307692307696
0 0.46875 0.4651442307692308 0.038461538461538464 0.03605769230769231
0 0.35216346153846156 0.49278846153846156 0.05048076923076923 0.0625
0 0.24759615384615385 0.4651442307692308 0.038461538461538464 0.07451923076923077
0 0.140625 0.4651442307692308 0.05528846153846154 0.06009615384615385
0 0.058894230769230775 0.5168269230769231 0.11778846153846155 0.2644230769230769
0 0.2956730769230769 0.4807692307692308 0.04807692307692308 0.05288461538461539