0 0.12955122777307365 0.5318246110325319 0.04064352243861134 0.07355021216407355
0 0.2256562235393734 0.3415841584158416 0.014394580863674851 0.029702970297029705
0 0.2527519051651143 0.36280056577086284 0.01778154106689246 0.04101838755304102
0 0.2883149872988992 0.3069306930693069 0.014394580863674851 0.02828854314002829
0 0.2823878069432684 0.3882602545968883 0.01778154106689246 0.029702970297029705
0 0.3370025402201524 0.35997171145685997 0.022015241320914477 0.04101838755304102
0 0.3556308213378493 0.3323903818953324 0.015241320914479254 0.03111739745403112
0 0.3539373412362405 0.30198019801980197 0.015241320914479254 0.024045261669024046
0 0.3924640135478408 0.26591230551626593 0.014394580863674851 0.02545968882602546
0 0.4153259949195597 0.2751060820367751 0.012701100762066046 0.021216407355021217
0 0.4119390347163421 0.33734087694483733 0.01947502116850127 0.03253182461103253
0 0.38145639288738353 0.3521923620933522 0.01778154106689246 0.03111739745403112
0 0.40728196443691783 0.30480905233380484 0.013547840812870448 0.026874115983026876
0 0.4292972057578323 0.2630834512022631 0.011854360711261643 0.02263083451202263
0 0.447502116850127 0.268033946251768 0.012701100762066046 0.024045261669024046
0 0.4513124470787468 0.34653465346534656 0.018628281117696866 0.02828854314002829
0 0.4775613886536833 0.3118811881188119 0.01693480101608806 0.026874115983026876
0 0.4779847586790855 0.26874115983026875 0.016088060965283656 0.02545968882602546
0 0.4690939881456393 0.2517680339462518 0.015241320914479254 0.02263083451202263
0 0.4750211685012701 0.24186704384724186 0.013547840812870448 0.019801980198019802
0 0.5177815410668924 0.26732673267326734 0.014394580863674851 0.02828854314002829
0 0.5300592718035563 0.27793493635077793 0.013547840812870448 0.029702970297029705
0 0.5601185436071126 0.2814710042432815 0.016088060965283656 0.02828854314002829
0 0.5495342929720576 0.2637906647807638 0.013547840812870448 0.024045261669024046
0 0.563082133784928 0.2340876944837341 0.013547840812870448 0.024045261669024046
0 0.5779000846740051 0.22630834512022632 0.012701100762066046 0.02263083451202263
0 0.5855207451312446 0.26591230551626593 0.012701100762066046 0.02545968882602546
0 0.609229466553768 0.256011315417256 0.014394580863674851 0.02545968882602546
0 0.6117696867061811 0.23196605374823198 0.012701100762066046 0.02263083451202263
0 0.6172734970364098 0.2142857142857143 0.013547840812870448 0.024045261669024046
0 0.6456392887383573 0.2531824611032532 0.014394580863674851 0.02545968882602546
0 0.6486028789161727 0.22701555869872703 0.013547840812870448 0.021216407355021217
0 0.6824724809483488 0.2157001414427157 0.011854360711261643 0.021216407355021217
0 0.6862828111769687 0.23833097595473834 0.011007620660457238 0.021216407355021217
0 0.695596951735817 0.23055162659123055 0.012701100762066046 0.02545968882602546
0 0.6342082980524979 0.22418670438472418 0.011854360711261643 0.01555869872701556
0 0.504233700254022 0.3359264497878359 0.01947502116850127 0.03253182461103253
0 0.4860287891617273 0.4115983026874116 0.02540220152413209 0.04526166902404526
0 0.5436071126164267 0.4328147100424328 0.027095681625740897 0.05091937765205092
0 0.548264182895851 0.36421499292786425 0.021168501270110076 0.04101838755304102
0 0.5939881456392887 0.4611032531824611 0.029635901778154106 0.06223479490806224
0 0.6464860287891617 0.4681753889674682 0.03132938187976291 0.06223479490806224
0 0.7116850127011007 0.5417256011315418 0.03640982218458933 0.06506364922206506
0 0.8365791701947501 0.5254596888260255 0.03386960203217612 0.07213578500707214
0 0.9436917866215072 0.4724186704384724 0.029635901778154106 0.05657708628005658
0 0.9267569856054191 0.44271570014144274 0.01947502116850127 0.033946251768033946
0 0.8560541913632514 0.4752475247524753 0.03386960203217612 0.05657708628005658
0 0.7997459779847587 0.42079207920792083 0.0279424216765453 0.04667609618104668
0 0.8281117696867062 0.36421499292786425 0.022015241320914477 0.04384724186704385
0 0.8691786621507197 0.40452616690240456 0.024555461473327687 0.05091937765205092
0 0.9500423370025401 0.40664780763790664 0.018628281117696866 0.03818953323903819
0 0.9360711261642676 0.3274398868458275 0.014394580863674851 0.029702970297029705
0 0.949618966977138 0.3132956152758133 0.014394580863674851 0.026874115983026876
0 0.9576629974597798 0.2913719943422914 0.013547840812870448 0.02263083451202263
0 0.9140558848433531 0.2920792079207921 0.016088060965283656 0.03253182461103253
0 0.8873835732430143 0.3408769448373409 0.01693480101608806 0.033946251768033946
0 0.9085520745131245 0.32814710042432815 0.013547840812870448 0.02545968882602546
0 0.8624047417442845 0.32814710042432815 0.016088060965283656 0.03111739745403112
0 0.8712955122777307 0.27934936350777934 0.015241320914479254 0.03253182461103253
0 0.8975444538526672 0.25954738330975957 0.011854360711261643 0.024045261669024046
0 0.8632514817950889 0.2623762376237624 0.012701100762066046 0.018387553041018388
0 0.8353090601185436 0.30834512022630833 0.016088060965283656 0.02828854314002829
0 0.8374259102455546 0.2736916548797737 0.015241320914479254 0.026874115983026876
0 0.8251481795088907 0.25035360678925034 0.014394580863674851 0.02545968882602546
0 0.7908552074513124 0.2857142857142857 0.015241320914479254 0.033946251768033946
0 0.7997459779847587 0.268033946251768 0.014394580863674851 0.026874115983026876
0 0.7946655376799322 0.2432814710042433 0.012701100762066046 0.02828854314002829
0 0.7506350550381032 0.2524752475247525 0.014394580863674851 0.03253182461103253
0 0.7586790855207451 0.243988684582744 0.013547840812870448 0.026874115983026876
0 0.7180355630821338 0.2567185289957567 0.015241320914479254 0.03253182461103253
0 0.7142252328535139 0.30198019801980197 0.01778154106689246 0.03253182461103253
0 0.68077900084674 0.2821782178217822 0.015241320914479254 0.03253182461103253
0 0.6892464013547841 0.31683168316831684 0.018628281117696866 0.036775106082036775
0 0.7027942421676545 0.3606789250353607 0.022015241320914477 0.04526166902404526
0 0.7337002540220152 0.40381895332390383 0.021168501270110076 0.04667609618104668
0 0.6655376799322608 0.3649222065063649 0.023708721422523286 0.039603960396039604
0 0.6210838272650296 0.37623762376237624 0.01947502116850127 0.03111739745403112
0 0.6439458086367484 0.30763790664780766 0.014394580863674851 0.029702970297029705
0 0.6100762066045724 0.33380480905233384 0.01947502116850127 0.03111739745403112