1 0.4026442307692308 0.06610576923076923 0.1466346153846154 0.13221153846153846
1 0.021634615384615384 0.3737980769230769 0.04326923076923077 0.08413461538461539
1 0.17307692307692307 0.4362980769230769 0.08173076923076923 0.09375
1 0.41105769230769235 0.28125 0.13461538461538464 0.15384615384615385
1 0.43870192307692313 0.40024038461538464 0.021634615384615384 0.03125
1 0.4903846153846154 0.4447115384615385 0.09134615384615385 0.09615384615384616
1 0.4603365384615385 0.5817307692307693 0.15625 0.3653846153846154
1 0.49759615384615385 0.35216346153846156 0.03365384615384616 0.04567307692307693
1 0.8413461538461539 0.3653846153846154 0.019230769230769232 0.03365384615384616
1 0.5961538461538461 0.3545673076923077 0.02403846153846154 0.03125
1 0.734375 0.3713942307692308 0.026442307692307696 0.03605769230769231
1 0.7247596153846154 0.4098557692307693 0.03125 0.03605769230769231
1 0.6850961538461539 0.3918269230769231 0.028846153846153848 0.03365384615384616
1 0.7091346153846154 0.3581730769230769 0.02403846153846154 0.038461538461538464
1 0.5673076923076923 0.4519230769230769 0.057692307692307696 0.07211538461538462