1 0.5 0.39571428571428574 0.1457142857142857 0.16857142857142857
1 0.5507142857142857 0.25142857142857145 0.14714285714285713 0.14857142857142858
1 0.7921428571428571 0.2542857142857143 0.13285714285714287 0.14285714285714285
1 0.8064285714285714 0.37714285714285717 0.11857142857142858 0.15428571428571428
1 0.7257142857142858 0.43642857142857144 0.11714285714285715 0.16428571428571428
1 0.6307142857142857 0.5321428571428571 0.13857142857142857 0.14714285714285713
1 0.88 0.5714285714285714 0.12571428571428572 0.14857142857142858
1 0.9614285714285714 0.6321428571428571 0.07428571428571429 0.16714285714285715
1 0.9607142857142857 0.4421428571428571 0.07571428571428572 0.16714285714285715
0 0.9514285714285714 0.29928571428571427 0.09428571428571429 0.13857142857142857
0 0.21928571428571428 0.13285714285714287 0.23285714285714285 0.26
0 0.5964285714285714 0.3557142857142857 0.10428571428571429 0.13428571428571429