1 0.021634615384615384 0.4313253012048193 0.038461538461538464 0.04337349397590362
1 0.054086538461538464 0.4301204819277109 0.03605769230769231 0.050602409638554224
1 0.09014423076923077 0.42891566265060244 0.040865384615384616 0.04337349397590362
1 0.16947115384615385 0.4265060240963856 0.026442307692307696 0.03855421686746988
1 0.19711538461538464 0.4409638554216868 0.038461538461538464 0.04337349397590362
1 0.2716346153846154 0.4409638554216868 0.038461538461538464 0.03855421686746988
1 0.3713942307692308 0.4132530120481928 0.05528846153846154 0.06024096385542169
1 0.43028846153846156 0.427710843373494 0.04326923076923077 0.050602409638554224
1 0.5108173076923077 0.43253012048192774 0.04567307692307693 0.050602409638554224
1 0.546875 0.4349397590361446 0.021634615384615384 0.026506024096385545
1 0.5805288461538461 0.4265060240963856 0.03605769230769231 0.04337349397590362
1 0.6646634615384616 0.4012048192771085 0.040865384615384616 0.055421686746987955
1 0.6995192307692308 0.4024096385542169 0.03365384615384616 0.05783132530120483
1 0.7379807692307693 0.4156626506024097 0.038461538461538464 0.055421686746987955
1 0.7764423076923077 0.4084337349397591 0.04326923076923077 0.050602409638554224
1 0.3004807692307693 0.49759036144578317 0.014423076923076924 0.016867469879518072