1 0.28966346153846156 0.3774038461538462 0.03125 0.04326923076923077
1 0.21875 0.5444711538461539 0.0625 0.06009615384615385
1 0.2199519230769231 0.6466346153846154 0.06009615384615385 0.07211538461538462
1 0.34615384615384615 0.6057692307692308 0.04326923076923077 0.04807692307692308
1 0.4807692307692308 0.5228365384615384 0.038461538461538464 0.040865384615384616
1 0.4963942307692308 0.4963942307692308 0.03605769230769231 0.03605769230769231
1 0.5540865384615385 0.5324519230769231 0.040865384615384616 0.03605769230769231
0 0.9879807692307693 0.33774038461538464 0.019230769230769232 0.05528846153846154
0 0.9735576923076924 0.36899038461538464 0.038461538461538464 0.05528846153846154
0 0.9555288461538463 0.30528846153846156 0.03605769230769231 0.04807692307692308
1 0.9242788461538463 0.2884615384615385 0.03605769230769231 0.04807692307692308
1 0.8954326923076924 0.31490384615384615 0.03125 0.04807692307692308
1 0.8774038461538463 0.30168269230769235 0.028846153846153848 0.040865384615384616