0 0.18710691823899372 0.4392523364485981 0.05345911949685535 0.10467289719626169
0 0.33805031446540884 0.2177570093457944 0.017819706498951784 0.03551401869158879
0 0.32914046121593293 0.20093457943925233 0.01886792452830189 0.03177570093457944
0 0.3480083857442348 0.191588785046729 0.01886792452830189 0.03551401869158879
0 0.40723270440251574 0.19906542056074766 0.022012578616352203 0.04299065420560748
0 0.42033542976939203 0.17476635514018693 0.01886792452830189 0.03551401869158879
0 0.4454926624737946 0.191588785046729 0.023060796645702306 0.03925233644859813
0 0.4428721174004193 0.22429906542056074 0.026205450733752623 0.03738317757009346
0 0.4753668763102726 0.22897196261682243 0.02410901467505241 0.04672897196261683
0 0.4716981132075472 0.19345794392523366 0.023060796645702306 0.04299065420560748
0 0.43815513626834385 0.14205607476635515 0.016771488469601678 0.029906542056074768
0 0.4627882599580713 0.13738317757009347 0.015723270440251572 0.028037383177570093
0 0.4627882599580713 0.14953271028037385 0.015723270440251572 0.029906542056074768
0 0.4779874213836478 0.16074766355140188 0.020964360587002098 0.029906542056074768
0 0.49109014675052415 0.12897196261682242 0.011530398322851153 0.029906542056074768
0 0.49947589098532497 0.11962616822429907 0.013626834381551364 0.022429906542056077
0 0.5104821802935011 0.15233644859813084 0.020964360587002098 0.03177570093457944
0 0.5356394129979036 0.1794392523364486 0.01886792452830189 0.029906542056074768
0 0.5340670859538784 0.15420560747663553 0.017819706498951784 0.03551401869158879
0 0.5351153039832285 0.13644859813084112 0.013626834381551364 0.029906542056074768
0 0.5445492662473795 0.12616822429906543 0.013626834381551364 0.024299065420560748
0 0.5209643605870021 0.13644859813084112 0.012578616352201259 0.029906542056074768
0 0.5560796645702306 0.16074766355140188 0.013626834381551364 0.029906542056074768
0 0.5723270440251572 0.2411214953271028 0.023060796645702306 0.041121495327102804
0 0.5188679245283019 0.2672897196261682 0.023060796645702306 0.056074766355140186
0 0.5513626834381552 0.28598130841121494 0.025157232704402517 0.059813084112149535
0 0.5749475890985325 0.1336448598130841 0.015723270440251572 0.03551401869158879
0 0.5854297693920336 0.10934579439252337 0.013626834381551364 0.028037383177570093
0 0.6111111111111112 0.09626168224299066 0.010482180293501049 0.024299065420560748
0 0.6153039832285115 0.11401869158878505 0.012578616352201259 0.026168224299065422
0 0.6325995807127883 0.1 0.009433962264150945 0.024299065420560748
0 0.6572327044025158 0.102803738317757 0.010482180293501049 0.026168224299065422
0 0.6535639412997903 0.11682242990654206 0.011530398322851153 0.028037383177570093
0 0.6551362683438156 0.1355140186915888 0.012578616352201259 0.028037383177570093
0 0.6210691823899371 0.14953271028037385 0.013626834381551364 0.03364485981308411
0 0.6257861635220127 0.13177570093457944 0.012578616352201259 0.028037383177570093
0 0.5943396226415094 0.14299065420560747 0.014675052410901468 0.028037383177570093
0 0.5854297693920336 0.16635514018691588 0.013626834381551364 0.03364485981308411
0 0.6745283018867925 0.1205607476635514 0.009433962264150945 0.020560747663551402
0 0.6981132075471699 0.12149532710280374 0.012578616352201259 0.03364485981308411
0 0.719601677148847 0.14205607476635515 0.013626834381551364 0.03364485981308411
0 0.709643605870021 0.16074766355140188 0.014675052410901468 0.03738317757009346
0 0.7017819706498952 0.19439252336448598 0.017819706498951784 0.041121495327102804
0 0.6703354297693921 0.17757009345794394 0.017819706498951784 0.04485981308411215
0 0.6677148846960168 0.2130841121495327 0.01886792452830189 0.04485981308411215
0 0.6242138364779874 0.22149532710280376 0.02410901467505241 0.04672897196261683
0 0.6231656184486374 0.2841121495327103 0.030398322851153042 0.06355140186915888
0 0.6603773584905661 0.2588785046728972 0.020964360587002098 0.04672897196261683
0 0.6855345911949686 0.3205607476635514 0.031446540880503145 0.07289719626168224
0 0.7374213836477987 0.36074766355140186 0.030398322851153042 0.07476635514018692
0 0.7248427672955975 0.22336448598130842 0.022012578616352203 0.05046728971962617
0 0.7547169811320755 0.1205607476635514 0.012578616352201259 0.03177570093457944
0 0.7520964360587002 0.14392523364485982 0.013626834381551364 0.029906542056074768
0 0.7473794549266248 0.16635514018691588 0.010482180293501049 0.029906542056074768
0 0.7688679245283019 0.18130841121495328 0.015723270440251572 0.03738317757009346
0 0.7667714884696017 0.13177570093457944 0.011530398322851153 0.03177570093457944
0 0.7845911949685535 0.12710280373831775 0.013626834381551364 0.03364485981308411
0 0.7877358490566038 0.1560747663551402 0.017819706498951784 0.03551401869158879
0 0.7824947589098533 0.2102803738317757 0.022012578616352203 0.05046728971962617
0 0.8060796645702306 0.25700934579439255 0.01886792452830189 0.04299065420560748
0 0.79979035639413 0.2869158878504673 0.023060796645702306 0.06542056074766356
0 0.8354297693920336 0.3514018691588785 0.029350104821802937 0.07102803738317758
0 0.8422431865828093 0.3383177570093458 0.02410901467505241 0.052336448598130844
0 0.8642557651991615 0.28317757009345795 0.022012578616352203 0.04672897196261683
0 0.8417190775681342 0.2121495327102804 0.016771488469601678 0.03925233644859813
0 0.8081761006289309 0.18130841121495328 0.014675052410901468 0.03364485981308411
0 0.8249475890985325 0.17102803738317757 0.014675052410901468 0.03177570093457944
0 0.839622641509434 0.15046728971962617 0.014675052410901468 0.03177570093457944
0 0.8511530398322852 0.1869158878504673 0.014675052410901468 0.03738317757009346
0 0.8653039832285115 0.17383177570093458 0.015723270440251572 0.03364485981308411
0 0.8731656184486374 0.15140186915887852 0.014675052410901468 0.03738317757009346
0 0.8977987421383649 0.17757009345794394 0.011530398322851153 0.03364485981308411
0 0.9072327044025158 0.16728971962616823 0.011530398322851153 0.03177570093457944
0 0.9135220125786164 0.16635514018691588 0.011530398322851153 0.029906542056074768
0 0.8852201257861636 0.22242990654205608 0.015723270440251572 0.04485981308411215
0 0.9428721174004193 0.18130841121495328 0.011530398322851153 0.029906542056074768
0 0.9418238993710693 0.21495327102803738 0.013626834381551364 0.03738317757009346
0 0.928721174004193 0.2252336448598131 0.016771488469601678 0.04299065420560748
0 0.9250524109014675 0.2401869158878505 0.015723270440251572 0.04299065420560748
0 0.9224318658280923 0.28785046728971964 0.020964360587002098 0.048598130841121495
0 0.9145702306079665 0.3336448598130841 0.017819706498951784 0.05794392523364486