1 0.8200000000000001 0.49000000000000005 0.06 0.09333333333333334
1 0.8512500000000001 0.4566666666666667 0.0525 0.05333333333333334
1 0.985 0.54 0.025 0.09333333333333334
1 0.77125 0.49000000000000005 0.0475 0.07333333333333333
1 0.69625 0.49833333333333335 0.0475 0.08333333333333334
1 0.72375 0.49000000000000005 0.0275 0.05333333333333334
1 0.61875 0.4733333333333334 0.0525 0.07333333333333333
1 0.59 0.47000000000000003 0.025 0.06666666666666667
1 0.5325 0.4916666666666667 0.045 0.06333333333333334
1 0.49875 0.48333333333333334 0.0225 0.05333333333333334
1 0.44 0.465 0.04 0.06333333333333334
1 0.40125 0.4716666666666667 0.0375 0.07
1 0.3675 0.4683333333333334 0.025 0.03666666666666667
1 0.34125 0.4633333333333334 0.0325 0.05333333333333334
1 0.30875 0.48000000000000004 0.0275 0.05333333333333334
1 0.26875 0.48000000000000004 0.0275 0.04
1 0.24875 0.47000000000000003 0.0225 0.04666666666666667
1 0.21 0.49500000000000005 0.03 0.043333333333333335
0 0.0475 0.46166666666666667 0.08 0.11