0 0.022836538461538464 0.29447115384615385 0.04567307692307693 0.17067307692307693
0 0.025240384615384616 0.06490384615384616 0.04567307692307693 0.125
0 0.23197115384615385 0.04326923076923077 0.12740384615384617 0.08173076923076923
0 0.22836538461538464 0.328125 0.125 0.1514423076923077
0 0.31730769230769235 0.390625 0.07692307692307693 0.09375
0 0.4338942307692308 0.3762019230769231 0.07451923076923077 0.09855769230769232
0 0.5600961538461539 0.4134615384615385 0.04326923076923077 0.09134615384615385
0 0.6129807692307693 0.36418269230769235 0.12980769230769232 0.16105769230769232
0 0.7403846153846154 0.43509615384615385 0.057692307692307696 0.07692307692307693
0 0.873798076923077 0.40024038461538464 0.10336538461538462 0.12259615384615385
0 0.9399038461538463 0.4651442307692308 0.04326923076923077 0.040865384615384616