1 0.32572115384615385 0.24278846153846156 0.09375 0.125
1 0.41105769230769235 0.2728365384615385 0.0625 0.11298076923076923
1 0.4759615384615385 0.36899038461538464 0.10096153846153846 0.10817307692307693
1 0.5408653846153847 0.27043269230769235 0.057692307692307696 0.08413461538461539
1 0.795673076923077 0.2668269230769231 0.08173076923076923 0.125
1 0.9086538461538463 0.23317307692307693 0.14423076923076925 0.125
1 0.7512019230769231 0.29086538461538464 0.03605769230769231 0.08173076923076923
1 0.3269230769230769 0.08774038461538462 0.10576923076923078 0.12740384615384617
1 0.40625 0.06009615384615385 0.07211538461538462 0.11538461538461539
1 0.5408653846153847 0.06850961538461539 0.057692307692307696 0.07932692307692309
1 0.7860576923076924 0.06730769230769232 0.11057692307692309 0.12980769230769232
1 0.9182692307692308 0.10216346153846155 0.14903846153846154 0.14182692307692307