1 0.25439453125 0.3384955752212389 0.076171875 0.13569321533923304
1 0.17626953125 0.7570058997050148 0.1083984375 0.18657817109144542
1 0.097900390625 0.6991150442477876 0.08544921875 0.14454277286135692
1 0.014404296875 0.4469026548672566 0.02880859375 0.11799410029498525
1 0.3720703125 0.3694690265486726 0.08203125 0.14454277286135692
1 0.51123046875 0.3443952802359882 0.095703125 0.17699115044247787
1 0.364990234375 0.9151917404129793 0.14208984375 0.16814159292035397
0 0.736328125 0.34033923303834807 0.0927734375 0.15117994100294985
0 0.686767578125 0.3495575221238938 0.05615234375 0.12536873156342182
0 0.953857421875 0.5460914454277286 0.09130859375 0.16740412979351033
0 0.56396484375 0.3702064896755162 0.0673828125 0.12094395280235988
0 0.458740234375 0.3440265486725664 0.03857421875 0.09218289085545722
1 0.37109375 0.3713126843657817 0.0849609375 0.15265486725663716
0 0.287841796875 0.3661504424778761 0.03271484375 0.047935103244837754