1 0.14182692307692307 0.31566265060240967 0.09615384615384616 0.10602409638554218
1 0.2884615384615385 0.31445783132530125 0.10096153846153846 0.13253012048192772
1 0.34855769230769235 0.33253012048192776 0.06730769230769232 0.0963855421686747
1 0.5036057692307693 0.32530120481927716 0.09375 0.11566265060240966
1 0.6057692307692308 0.3578313253012049 0.04326923076923077 0.06024096385542169
1 0.7055288461538461 0.31807228915662655 0.10336538461538462 0.13012048192771086
1 0.7620192307692308 0.3530120481927711 0.04807692307692308 0.045783132530120486
1 0.8557692307692308 0.3457831325301205 0.05288461538461539 0.06987951807228916
1 0.9254807692307693 0.3457831325301205 0.07692307692307693 0.08433734939759037
1 0.28966346153846156 0.04096385542168675 0.10336538461538462 0.0819277108433735
1 0.7079326923076924 0.03734939759036145 0.09855769230769232 0.0746987951807229