0 0.037259615384615384 0.3617788461538462 0.040865384615384616 0.06009615384615385
0 0.12620192307692307 0.35336538461538464 0.06009615384615385 0.07211538461538462
0 0.2199519230769231 0.37259615384615385 0.040865384615384616 0.057692307692307696
0 0.35216346153846156 0.3774038461538462 0.05048076923076923 0.08173076923076923
0 0.40024038461538464 0.37980769230769235 0.03125 0.057692307692307696
0 0.4759615384615385 0.36418269230769235 0.04807692307692308 0.07932692307692309
0 0.576923076923077 0.3473557692307693 0.06730769230769232 0.09855769230769232
0 0.8786057692307693 0.3870192307692308 0.0889423076923077 0.10096153846153846
0 0.7668269230769231 0.4026442307692308 0.04807692307692308 0.06009615384615385
0 0.8149038461538461 0.36899038461538464 0.04326923076923077 0.06009615384615385
0 0.8834134615384616 0.02764423076923077 0.07451923076923077 0.05528846153846154
0 0.8197115384615385 0.021634615384615384 0.05288461538461539 0.04326923076923077
0 0.5757211538461539 0.04447115384615385 0.06971153846153846 0.0889423076923077
0 0.4795673076923077 0.03125 0.06009615384615385 0.0625
0 0.35216346153846156 0.025240384615384616 0.06009615384615385 0.05048076923076923
0 0.22235576923076925 0.020432692307692308 0.05048076923076923 0.040865384615384616
0 0.1310096153846154 0.03966346153846154 0.06971153846153846 0.07932692307692309
0 0.03966346153846154 0.02764423076923077 0.05048076923076923 0.05528846153846154