1 0.27314814814814814 0.4436183395291202 0.12222222222222223 0.16356877323420074
1 0.4305555555555556 0.45848822800495664 0.09074074074074075 0.1536555142503098
1 0.5097222222222222 0.4826517967781908 0.0787037037037037 0.1325898389095415
1 0.5425925925925926 0.4547707558859975 0.053703703703703705 0.1090458488228005
1 0.625462962962963 0.44175960346964066 0.11388888888888889 0.1623296158612144
1 0.8194444444444445 0.4882280049566295 0.05740740740740741 0.08178438661710037
1 0.8546296296296296 0.45848822800495664 0.05 0.08426270136307311
1 0.03935185185185185 0.49380421313506817 0.0787037037037037 0.1895910780669145
0 0.7652777777777778 0.4950433705080545 0.06018518518518519 0.1127633209417596
0 0.712962962962963 0.4913258983890954 0.05185185185185186 0.0929368029739777
1 0.987962962962963 0.4628252788104089 0.020370370370370372 0.06815365551425032