1 0.859375 0.4024096385542169 0.09375 0.0963855421686747
1 0.7307692307692308 0.4518072289156627 0.07211538461538462 0.09879518072289158
1 0.5420673076923077 0.35421686746987957 0.11778846153846155 0.13012048192771086
1 0.1983173076923077 0.4518072289156627 0.06971153846153846 0.06024096385542169
1 0.03245192307692308 0.49277108433734945 0.03605769230769231 0.03132530120481928
1 0.12379807692307693 0.49277108433734945 0.021634615384615384 0.03614457831325302
1 0.15745192307692307 0.4987951807228916 0.01682692307692308 0.024096385542168676
1 0.19711538461538464 0.45301204819277113 0.06730769230769232 0.06265060240963856
1 0.2764423076923077 0.4771084337349398 0.028846153846153848 0.03855421686746988
1 0.32091346153846156 0.48192771084337355 0.01682692307692308 0.028915662650602414
0 0.37259615384615385 0.47108433734939764 0.057692307692307696 0.04096385542168675