1 0.3337349397590362 0.32091346153846156 0.14216867469879518 0.19951923076923078
1 0.6349397590361446 0.31009615384615385 0.14216867469879518 0.19230769230769232
1 0.46867469879518076 0.27043269230769235 0.13734939759036147 0.18028846153846154
1 0.27349397590361446 0.21754807692307693 0.10843373493975905 0.16105769230769232
1 0.7265060240963856 0.22235576923076925 0.13253012048192772 0.19951923076923078
1 0.5530120481927712 0.19951923076923078 0.10843373493975905 0.15865384615384617
1 0.2096385542168675 0.20793269230769232 0.06265060240963856 0.14182692307692307
1 0.45060240963855425 0.13221153846153846 0.10120481927710845 0.10576923076923078
1 0.8072289156626506 0.21754807692307693 0.07228915662650603 0.1466346153846154
1 0.6698795180722892 0.05168269230769231 0.07228915662650603 0.06971153846153846
1 0.7518072289156628 0.09014423076923077 0.07228915662650603 0.0889423076923077
1 0.9373493975903615 0.22115384615384617 0.06746987951807229 0.14903846153846154
1 0.8313253012048194 0.19230769230769232 0.07710843373493977 0.14903846153846154
1 0.9084337349397591 0.18990384615384617 0.06265060240963856 0.14903846153846154
1 0.10602409638554218 0.29927884615384615 0.1493975903614458 0.17067307692307693
1 0.15421686746987953 0.16586538461538464 0.05783132530120483 0.09134615384615385
1 0.09156626506024097 0.16466346153846154 0.07710843373493977 0.0889423076923077
1 0.03734939759036145 0.21274038461538464 0.0746987951807229 0.1466346153846154