1 0.733173076923077 0.3581730769230769 0.15865384615384617 0.20192307692307693
1 0.17307692307692307 0.4867788461538462 0.11538461538461539 0.14182692307692307
1 0.25 0.48557692307692313 0.08653846153846154 0.125
0 0.022836538461538464 0.453125 0.04567307692307693 0.06971153846153846
0 0.042067307692307696 0.3978365384615385 0.040865384615384616 0.04567307692307693
1 0.11177884615384616 0.4242788461538462 0.05528846153846154 0.07451923076923077
1 0.3629807692307693 0.49278846153846156 0.06730769230769232 0.08653846153846154
1 0.4290865384615385 0.49278846153846156 0.05528846153846154 0.06730769230769232
1 0.49399038461538464 0.47355769230769235 0.06971153846153846 0.057692307692307696
1 0.6334134615384616 0.47716346153846156 0.021634615384615384 0.026442307692307696
1 0.65625 0.40625 0.06730769230769232 0.07211538461538462