1 0.1045673076923077 0.3930288461538462 0.04567307692307693 0.06490384615384616
1 0.1466346153846154 0.4026442307692308 0.02403846153846154 0.03605769230769231
1 0.21875 0.41466346153846156 0.028846153846153848 0.03125
1 0.2800480769230769 0.375 0.07451923076923077 0.09134615384615385
1 0.3894230769230769 0.3737980769230769 0.07692307692307693 0.10817307692307693
1 0.5997596153846154 0.3870192307692308 0.07932692307692309 0.10576923076923078
1 0.9615384615384616 0.3653846153846154 0.06730769230769232 0.1201923076923077
1 0.9603365384615385 0.07451923076923077 0.07451923076923077 0.11538461538461539
1 0.5973557692307693 0.05288461538461539 0.08413461538461539 0.10576923076923078
1 0.3894230769230769 0.06009615384615385 0.08173076923076923 0.1201923076923077
1 0.2824519230769231 0.05288461538461539 0.07451923076923077 0.10096153846153846
1 0.10697115384615385 0.03605769230769231 0.04567307692307693 0.07211538461538462
1 0.14543269230769232 0.02403846153846154 0.03125 0.04807692307692308