0 0.1972093023255814 0.5066555740432612 0.04093023255813954 0.0848585690515807
0 0.10790697674418605 0.3227953410981697 0.018604651162790697 0.036605657237936774
0 0.25395348837209303 0.2254575707154742 0.014883720930232559 0.028286189683860232
0 0.4232558139534884 0.22129783693843594 0.01674418604651163 0.036605657237936774
0 0.4558139534883721 0.2254575707154742 0.018604651162790697 0.03161397670549085
0 0.426046511627907 0.2753743760399335 0.018604651162790697 0.04159733777038269
0 0.4874418604651163 0.3119800332778702 0.026046511627906978 0.04159733777038269
0 0.5409302325581395 0.3643926788685524 0.023255813953488372 0.04326123128119801
0 0.7106976744186047 0.15058236272878536 0.01674418604651163 0.03494176372712147
0 0.7404651162790699 0.15391014975041598 0.014883720930232559 0.03161397670549085
0 0.8739534883720931 0.22046589018302828 0.015813953488372095 0.03826955074875208