1 0.20625000000000002 0.2019704433497537 0.02638888888888889 0.04926108374384237
1 0.25069444444444444 0.22413793103448276 0.020833333333333336 0.034482758620689655
1 0.4715277777777778 0.2229064039408867 0.0125 0.027093596059113302
1 0.6083333333333334 0.11822660098522167 0.025 0.06896551724137931
1 0.6861111111111111 0.4039408866995074 0.022222222222222223 0.04926108374384237
1 0.7666666666666667 0.7118226600985221 0.02777777777777778 0.04926108374384237
1 0.22916666666666669 0.6613300492610837 0.02777777777777778 0.046798029556650245
1 0.2423611111111111 0.6428571428571429 0.02361111111111111 0.029556650246305417
1 0.044444444444444446 0.979064039408867 0.025 0.03694581280788178
0 0.5361111111111111 0.7992610837438424 0.019444444444444445 0.03694581280788178
0 0.4354166666666667 0.21921182266009853 0.015277777777777779 0.024630541871921183