1 0.6758333333333334 0.466875 0.02666666666666667 0.05375
1 0.7145833333333333 0.875 0.03416666666666667 0.07
1 0.4008333333333334 0.8043750000000001 0.03333333333333333 0.06125
1 0.28583333333333333 0.800625 0.043333333333333335 0.058750000000000004
1 0.17666666666666667 0.78 0.03666666666666667 0.0675
1 0.14708333333333334 0.953125 0.060833333333333336 0.08875
1 0.9012500000000001 0.521875 0.03416666666666667 0.04875
1 0.8387500000000001 0.645625 0.022500000000000003 0.03625
1 0.7562500000000001 0.638125 0.029166666666666667 0.043750000000000004
1 0.8454166666666667 0.429375 0.0275 0.051250000000000004
1 0.9379166666666667 0.4575 0.025833333333333337 0.04
1 0.6875 0.44125000000000003 0.023333333333333334 0.035
1 0.6591666666666667 0.45875 0.025 0.055
1 0.6233333333333334 0.44375000000000003 0.030000000000000002 0.0525
1 0.49375 0.505 0.030833333333333334 0.05
1 0.4979166666666667 0.404375 0.022500000000000003 0.03875
1 0.55 0.420625 0.023333333333333334 0.04125
1 0.4716666666666667 0.3775 0.021666666666666667 0.035
1 0.07875 0.52 0.03416666666666667 0.0575
1 0.225 0.31375000000000003 0.018333333333333333 0.0275
1 0.18625 0.29 0.020833333333333336 0.03
1 0.16958333333333334 0.2475 0.01916666666666667 0.03
1 0.16208333333333336 0.301875 0.014166666666666668 0.02625
0 0.4191666666666667 0.48375 0.03166666666666667 0.05
0 0.22458333333333336 0.5 0.029166666666666667 0.0325