1 0.4572727272727273 0.15454545454545454 0.04727272727272727 0.11272727272727273
1 0.509090909090909 0.21181818181818182 0.03272727272727273 0.09636363636363636
1 0.5427272727272727 0.18272727272727274 0.04909090909090909 0.13636363636363635
1 0.5877272727272728 0.4509090909090909 0.06818181818181818 0.18545454545454546
1 0.6036363636363636 0.1918181818181818 0.04 0.11818181818181818
1 0.645 0.16818181818181818 0.06272727272727273 0.1509090909090909
1 0.730909090909091 0.06272727272727273 0.06363636363636363 0.12181818181818181
1 0.78 0.09545454545454546 0.04727272727272727 0.11818181818181818
1 0.8590909090909091 0.3563636363636364 0.09090909090909091 0.2109090909090909
1 0.8681818181818182 0.12272727272727273 0.045454545454545456 0.14363636363636365
1 0.945 0.10454545454545454 0.10818181818181818 0.20909090909090908
1 0.4081818181818182 0.3881818181818182 0.025454545454545455 0.07090909090909091
1 0.3481818181818182 0.07909090909090909 0.045454545454545456 0.12181818181818181
1 0.245 0.19 0.046363636363636364 0.11454545454545455
1 0.15545454545454546 0.20363636363636364 0.04727272727272727 0.11272727272727273
1 0.09181818181818181 0.1618181818181818 0.05272727272727273 0.11272727272727273