0 0.20793269230769232 0.2139423076923077 0.040865384615384616 0.05288461538461539
0 0.2956730769230769 0.17427884615384617 0.09134615384615385 0.0889423076923077
0 0.2932692307692308 0.08052884615384616 0.09134615384615385 0.0889423076923077
0 0.20673076923076925 0.028846153846153848 0.04326923076923077 0.057692307692307696
0 0.4987980769230769 0.21514423076923078 0.05048076923076923 0.06971153846153846
1 0.6298076923076923 0.06129807692307693 0.15384615384615385 0.12259615384615385
0 0.5012019230769231 0.03245192307692308 0.05048076923076923 0.06490384615384616
1 0.1045673076923077 0.23076923076923078 0.08413461538461539 0.10576923076923078
1 0.109375 0.037259615384615384 0.08413461538461539 0.07451923076923077
1 0.37259615384615385 0.2572115384615385 0.15384615384615385 0.21153846153846156
1 0.4278846153846154 0.3293269230769231 0.11538461538461539 0.15384615384615385
1 0.6322115384615385 0.19230769230769232 0.15865384615384617 0.13461538461538464