0 0.022344013490725127 0.4393939393939394 0.02951096121416526 0.06060606060606061
0 0.23903878583473862 0.3424242424242424 0.0193929173693086 0.03333333333333333
0 0.26433389544688024 0.375 0.0193929173693086 0.04393939393939394
0 0.29553119730185495 0.38257575757575757 0.021079258010118042 0.04090909090909091
0 0.3414839797639123 0.3704545454545455 0.028667790893760536 0.04696969696969697
0 0.29806070826306913 0.30606060606060603 0.017706576728499155 0.03636363636363636
0 0.3693086003372681 0.33636363636363636 0.016863406408094434 0.03636363636363636
0 0.36677908937605397 0.296969696969697 0.016863406408094434 0.03939393939393939
0 0.39839797639123103 0.3234848484848485 0.014333895446880268 0.03787878787878788
0 0.42074198988195616 0.3371212121212121 0.021922428330522763 0.04090909090909091
0 0.4198988195615514 0.29924242424242425 0.01517706576728499 0.031818181818181815
0 0.4068296795952782 0.2636363636363636 0.014333895446880268 0.02727272727272727
0 0.4198988195615514 0.2689393939393939 0.01517706576728499 0.03484848484848485
0 0.443929173693086 0.24772727272727274 0.014333895446880268 0.02878787878787879
0 0.46037099494097805 0.26136363636363635 0.016863406408094434 0.031818181818181815
0 0.4827150084317032 0.3015151515151515 0.016020236087689713 0.03636363636363636
0 0.46374367622259693 0.37196969696969695 0.021922428330522763 0.04696969696969697
0 0.48440134907251264 0.23257575757575757 0.012647554806070826 0.025757575757575757
0 0.524451939291737 0.2636363636363636 0.013490725126475547 0.030303030303030304
0 0.4856661045531197 0.27045454545454545 0.021922428330522763 0.03484848484848485
0 0.5155986509274874 0.3234848484848485 0.021079258010118042 0.04696969696969697
0 0.5379426644182125 0.278030303030303 0.01854974704890388 0.04393939393939394
0 0.5518549747048903 0.24924242424242424 0.016020236087689713 0.03787878787878788
0 0.5354131534569982 0.2515151515151515 0.011804384485666104 0.03636363636363636
0 0.5746205733558178 0.22272727272727272 0.012647554806070826 0.02727272727272727
0 0.5872681281618887 0.23257575757575757 0.014333895446880268 0.02878787878787879
0 0.5919055649241146 0.21893939393939393 0.01517706576728499 0.025757575757575757
0 0.6201517706576728 0.2159090909090909 0.014333895446880268 0.02878787878787879
0 0.6315345699831365 0.2015151515151515 0.011804384485666104 0.03333333333333333
0 0.6176222596964587 0.24696969696969698 0.016020236087689713 0.03636363636363636
0 0.6041315345699831 0.24772727272727274 0.014333895446880268 0.02878787878787879
0 0.6003372681281619 0.26515151515151514 0.01517706576728499 0.03333333333333333
0 0.5838954468802697 0.2863636363636364 0.0193929173693086 0.045454545454545456
0 0.5526981450252951 0.353030303030303 0.026138279932546374 0.05454545454545454
0 0.5636593591905564 0.40984848484848485 0.03288364249578415 0.05303030303030303
0 0.4768128161888701 0.4166666666666667 0.02951096121416526 0.05757575757575758
0 0.6117200674536256 0.45454545454545453 0.03288364249578415 0.0696969696969697
0 0.6205733558178752 0.328030303030303 0.025295109612141653 0.04090909090909091
0 0.6319561551433389 0.35909090909090907 0.026138279932546374 0.05757575757575758
0 0.6454468802698144 0.21136363636363636 0.012647554806070826 0.02878787878787879
0 0.6597807757166947 0.22348484848484848 0.017706576728499155 0.031818181818181815
0 0.678752107925801 0.20681818181818182 0.01011804384485666 0.025757575757575757
0 0.6922428330522765 0.22272727272727272 0.013490725126475547 0.03333333333333333
0 0.6551433389544687 0.24015151515151514 0.013490725126475547 0.02878787878787879
0 0.6973018549747049 0.26515151515151514 0.016863406408094434 0.03333333333333333
0 0.7188026981450253 0.22121212121212122 0.014333895446880268 0.030303030303030304
0 0.7247048903878583 0.24848484848484848 0.012647554806070826 0.03636363636363636
0 0.6534569983136593 0.3068181818181818 0.02023608768971332 0.03787878787878788
0 0.668212478920742 0.34393939393939393 0.0193929173693086 0.045454545454545456
0 0.6766441821247892 0.36666666666666664 0.026138279932546374 0.06363636363636363
0 0.7082630691399663 0.35454545454545455 0.021922428330522763 0.048484848484848485
0 0.7010961214165261 0.3196969696969697 0.022765598650927487 0.045454545454545456
0 0.6597807757166947 0.4628787878787879 0.03794266441821248 0.07424242424242425
0 0.7272344013490725 0.4946969696969697 0.03625632377740303 0.08636363636363636
0 0.7559021922428331 0.4053030303030303 0.026138279932546374 0.05303030303030303
0 0.8048060708263068 0.43333333333333335 0.02951096121416526 0.05454545454545454
0 0.7672849915682968 0.24242424242424243 0.01517706576728499 0.030303030303030304
0 0.7790893760539629 0.22803030303030303 0.01517706576728499 0.02878787878787879
0 0.802698145025295 0.2340909090909091 0.013490725126475547 0.031818181818181815
0 0.8145025295109611 0.24015151515151514 0.01517706576728499 0.03484848484848485
0 0.8381112984822934 0.26212121212121214 0.016863406408094434 0.03636363636363636
0 0.8676222596964587 0.25227272727272726 0.01517706576728499 0.03787878787878788
0 0.7491568296795953 0.2856060606060606 0.017706576728499155 0.03484848484848485
0 0.7744519392917368 0.2696969696969697 0.017706576728499155 0.03636363636363636
0 0.7976391231028668 0.2833333333333333 0.016863406408094434 0.03939393939393939
0 0.8448566610455311 0.29924242424242425 0.01517706576728499 0.03484848484848485
0 0.8389544688026981 0.32954545454545453 0.021922428330522763 0.04090909090909091
0 0.8351602023608768 0.36515151515151517 0.02445193929173693 0.045454545454545456
0 0.877318718381113 0.33636363636363636 0.016020236087689713 0.03939393939393939
0 0.8882799325463743 0.37272727272727274 0.021079258010118042 0.06060606060606061
0 0.9026138279932546 0.3371212121212121 0.017706576728499155 0.04393939393939394
0 0.9059865092748735 0.31287878787878787 0.016020236087689713 0.03484848484848485
0 0.8777403035413153 0.2818181818181818 0.016863406408094434 0.03333333333333333
0 0.8840640809443507 0.2727272727272727 0.012647554806070826 0.03636363636363636
0 0.8979763912310286 0.24696969696969698 0.011804384485666104 0.03333333333333333
0 0.9236930860033726 0.2840909090909091 0.014333895446880268 0.04090909090909091
0 0.93929173693086 0.3212121212121212 0.01517706576728499 0.03939393939393939
0 0.9397133220910624 0.30606060606060603 0.016020236087689713 0.03636363636363636
0 0.9595278246205733 0.26666666666666666 0.011804384485666104 0.03333333333333333
0 0.9607925801011804 0.296969696969697 0.014333895446880268 0.03636363636363636
0 0.9688026981450253 0.3712121212121212 0.01854974704890388 0.06060606060606061
0 0.93929173693086 0.4727272727272727 0.028667790893760536 0.06060606060606061
0 0.8701517706576728 0.48409090909090907 0.028667790893760536 0.06212121212121212
0 0.8478077571669477 0.5393939393939394 0.031197301854974702 0.07575757575757576
0 0.9380269814502529 0.4537878787878788 0.02445193929173693 0.03787878787878788