0 0.7451923076923077 0.6802884615384616 0.10096153846153846 0.11057692307692309
0 0.4050480769230769 0.6995192307692308 0.06490384615384616 0.0625
0 0.17548076923076925 0.6574519230769231 0.08653846153846154 0.09375
0 0.020432692307692308 0.6802884615384616 0.040865384615384616 0.08653846153846154
0 0.015625 0.5901442307692308 0.026442307692307696 0.05048076923076923
0 0.11057692307692309 0.5889423076923077 0.038461538461538464 0.04326923076923077
0 0.1826923076923077 0.5865384615384616 0.038461538461538464 0.04326923076923077
0 0.30528846153846156 0.5973557692307693 0.038461538461538464 0.040865384615384616
0 0.37980769230769235 0.5985576923076923 0.038461538461538464 0.05288461538461539
0 0.4675480769230769 0.5973557692307693 0.05048076923076923 0.05528846153846154
0 0.6213942307692308 0.609375 0.04567307692307693 0.06009615384615385
0 0.8365384615384616 0.5853365384615385 0.07211538461538462 0.06490384615384616