1 0.5387182910547397 0.48576512455516013 0.07343124165554071 0.099644128113879
1 0.3878504672897196 0.5702846975088968 0.08678237650200267 0.15124555160142347
0 0.07276368491321762 0.25266903914590744 0.14552736982643524 0.25622775800711745
0 0.19158878504672897 0.23665480427046262 0.14285714285714285 0.22419928825622776
0 0.3097463284379172 0.25533807829181493 0.08544726301735647 0.12633451957295372
0 0.3918558077436582 0.20729537366548043 0.06542056074766354 0.11565836298932383
0 0.5040053404539385 0.547153024911032 0.06809078771695594 0.1192170818505338
0 0.42857142857142855 0.5774021352313167 0.050734312416555405 0.10142348754448398
0 0.431909212283044 0.23665480427046262 0.044058744993324434 0.06761565836298931
0 0.5340453938584779 0.24199288256227758 0.05874499332443257 0.0889679715302491
0 0.7036048064085447 0.18861209964412812 0.07209612817089453 0.11743772241992882
0 0.6682242990654206 0.6752669039145908 0.16688918558077437 0.20106761565836298