1 0.7009132420091324 0.8530805687203792 0.1202435312024353 0.2622432859399684
1 0.8181126331811263 0.8428120063191153 0.1385083713850837 0.2764612954186414
1 0.939117199391172 0.886255924170616 0.1095890410958904 0.20221169036334913
1 0.3234398782343988 0.8459715639810427 0.2450532724505327 0.28278041074249605
1 0.6012176560121765 0.8041074249605055 0.1095890410958904 0.1990521327014218
0 0.6156773211567732 0.5987361769352291 0.0471841704718417 0.08530805687203791
0 0.8713850837138508 0.4447077409162717 0.0319634703196347 0.045813586097946286
0 0.8181126331811263 0.4447077409162717 0.0289193302891933 0.045813586097946286
0 0.545662100456621 0.43285939968404424 0.0289193302891933 0.037914691943127965
0 0.9337899543378995 0.5181674565560821 0.0928462709284627 0.13902053712480253
0 0.8181126331811263 0.5126382306477093 0.0654490106544901 0.09320695102685624
1 0.7404870624048706 0.5244865718799367 0.1476407914764079 0.21484992101105846