1 0.225625 0.29372623574144485 0.051250000000000004 0.10836501901140684
0 0.375 0.3593155893536122 0.085 0.1596958174904943
0 0.18625 0.20437262357414449 0.08750000000000001 0.17680608365019013
0 0.05625 0.3032319391634981 0.0575 0.10456273764258556
0 0.11750000000000001 0.35551330798479086 0.14 0.19391634980988592
0 0.30625 0.3583650190114068 0.0425 0.0779467680608365
0 0.42562500000000003 0.3355513307984791 0.04125 0.0779467680608365
0 0.4925 0.3659695817490494 0.0575 0.08555133079847908
0 0.56 0.2908745247148289 0.0725 0.1520912547528517
0 0.734375 0.2661596958174905 0.09625 0.18631178707224336
0 0.801875 0.24429657794676807 0.06625 0.12737642585551331
0 0.946875 0.2461977186311787 0.07625 0.11596958174904944
0 0.956875 0.33935361216730037 0.08375 0.15019011406844107
0 0.983125 0.3726235741444867 0.03125 0.17870722433460076