1 0.17890625000000002 0.34125 0.010937500000000001 0.0175
1 0.21796875000000002 0.11875000000000001 0.010937500000000001 0.0175
1 0.203125 0.7075 0.0125 0.025
1 0.74921875 0.865 0.0140625 0.02
1 0.7781250000000001 0.88625 0.0125 0.0175
1 0.878125 0.845 0.015625 0.02
1 0.77109375 0.28875 0.010937500000000001 0.0225
1 0.60546875 0.11 0.010937500000000001 0.02
1 0.9085937500000001 0.24875 0.010937500000000001 0.0175
1 0.9015625 0.265 0.009375000000000001 0.015
1 0.22109375 0.77125 0.0140625 0.0225
1 0.878125 0.3575 0.0125 0.02
1 0.753125 0.295 0.0125 0.02