0 0.05059760956175299 0.39221140472878996 0.02310756972111554 0.04728789986091794
0 0.3119521912350598 0.23504867872044505 0.016733067729083666 0.030598052851182195
0 0.3422310756972112 0.21627260083449235 0.016733067729083666 0.037552155771905425
0 0.3394422310756972 0.2552155771905424 0.01912350597609562 0.03477051460361613
0 0.36852589641434264 0.21974965229485396 0.016733067729083666 0.030598052851182195
0 0.37888446215139443 0.2211404728789986 0.015139442231075698 0.03337969401947149
0 0.3705179282868526 0.2566063977746871 0.01752988047808765 0.037552155771905425
0 0.39681274900398406 0.26286509040333794 0.01912350597609562 0.03894297635605007
0 0.40199203187251 0.2336578581363004 0.016733067729083666 0.030598052851182195
0 0.4239043824701195 0.26008344923504867 0.02390438247011952 0.04450625869262865
0 0.43266932270916336 0.2239221140472879 0.01912350597609562 0.036161335187760775
0 0.42509960159362553 0.19262865090403336 0.016733067729083666 0.03198887343532684
0 0.4458167330677291 0.16550764951321278 0.01354581673306773 0.025034770514603615
0 0.45737051792828687 0.16968011126564672 0.012749003984063745 0.022253129346314324
0 0.45019920318725104 0.1905424200278164 0.014342629482071713 0.027816411682892905
0 0.46733067729083666 0.14534075104311542 0.01195219123505976 0.02364394993045897
0 0.48366533864541833 0.1446453407510431 0.011155378486055778 0.025034770514603615
0 0.48127490039840637 0.21627260083449235 0.01593625498007968 0.03477051460361613
0 0.5127490039840638 0.1870653685674548 0.016733067729083666 0.03198887343532684
0 0.5087649402390438 0.14534075104311542 0.01195219123505976 0.02364394993045897
0 0.5187250996015936 0.1592489568845619 0.012749003984063745 0.02364394993045897
0 0.5199203187250996 0.13073713490959665 0.010358565737051793 0.025034770514603615
0 0.5342629482071714 0.1474269819193324 0.01195219123505976 0.025034770514603615
0 0.5418326693227092 0.1356050069541029 0.00956175298804781 0.02642559109874826
0 0.550996015936255 0.16481223922114047 0.01354581673306773 0.02642559109874826
0 0.5597609561752989 0.14325452016689846 0.01195219123505976 0.027816411682892905
0 0.5641434262948207 0.12100139082058414 0.011155378486055778 0.025034770514603615
0 0.5856573705179283 0.1168289290681502 0.011155378486055778 0.025034770514603615
0 0.5928286852589641 0.11543810848400556 0.011155378486055778 0.027816411682892905
0 0.599601593625498 0.12726008344923503 0.01354581673306773 0.02920723226703755
0 0.5868525896414343 0.14255910987482615 0.015139442231075698 0.02920723226703755
0 0.5780876494023904 0.16689847009735742 0.015139442231075698 0.030598052851182195
0 0.6239043824701196 0.1383866481223922 0.012749003984063745 0.02642559109874826
0 0.6314741035856574 0.1321279554937413 0.010358565737051793 0.022253129346314324
0 0.6378486055776893 0.12308762169680111 0.010358565737051793 0.02364394993045897
0 0.652988047808765 0.12726008344923503 0.01354581673306773 0.02642559109874826
0 0.6649402390438247 0.1349095966620306 0.01354581673306773 0.025034770514603615
0 0.6645418326693228 0.11126564673157162 0.00956175298804781 0.025034770514603615
0 0.6593625498007968 0.10570236439499305 0.01195219123505976 0.025034770514603615
0 0.6964143426294821 0.1168289290681502 0.012749003984063745 0.022253129346314324
0 0.6127490039840637 0.10848400556328233 0.011155378486055778 0.022253129346314324
0 0.6159362549800798 0.2086230876216968 0.01912350597609562 0.036161335187760775
0 0.6127490039840637 0.24617524339360222 0.022310756972111555 0.04450625869262865
0 0.5569721115537849 0.2621696801112656 0.022310756972111555 0.043115438108484005
0 0.5334661354581673 0.29207232267037553 0.026294820717131476 0.04450625869262865
0 0.5848605577689243 0.32058414464534074 0.02549800796812749 0.054242002781641166
0 0.6701195219123506 0.26564673157162727 0.02390438247011952 0.05285118219749652
0 0.6864541832669323 0.21905424200278162 0.016733067729083666 0.037552155771905425
0 0.6892430278884463 0.18915159944367177 0.01593625498007968 0.03337969401947149
0 0.7290836653386454 0.2093184979137691 0.020717131474103586 0.043115438108484005
0 0.7135458167330677 0.15438108484005564 0.015139442231075698 0.036161335187760775
0 0.7342629482071713 0.13630041724617523 0.016733067729083666 0.030598052851182195
0 0.750199203187251 0.1446453407510431 0.016733067729083666 0.030598052851182195
0 0.7549800796812749 0.23922114047287898 0.02151394422310757 0.04450625869262865
0 0.7733067729083666 0.2239221140472879 0.018326693227091635 0.036161335187760775
0 0.7645418326693227 0.2983310152990264 0.02310756972111554 0.054242002781641166
0 0.8262948207171315 0.34492350486787204 0.028685258964143426 0.06675938803894298
0 0.8346613545816733 0.31223922114047287 0.02948207171314741 0.05146036161335187
0 0.9119521912350598 0.33936022253129344 0.024701195219123506 0.04728789986091794
0 0.9211155378486056 0.2892906815020862 0.01912350597609562 0.036161335187760775
0 0.8685258964143426 0.2454798331015299 0.022310756972111555 0.04033379694019471
0 0.8270916334661355 0.2510431154381085 0.01912350597609562 0.037552155771905425
0 0.8354581673306773 0.20375521557719053 0.016733067729083666 0.03198887343532684
0 0.8430278884462151 0.18636995827538247 0.01593625498007968 0.030598052851182195
0 0.9115537848605578 0.2239221140472879 0.020717131474103586 0.041724617524339355
0 0.9258964143426295 0.20027816411682892 0.01593625498007968 0.03337969401947149
0 0.9290836653386455 0.1662030598052851 0.01593625498007968 0.03198887343532684
0 0.9378486055776892 0.15299026425591097 0.01593625498007968 0.030598052851182195
0 0.9139442231075697 0.14255910987482615 0.012749003984063745 0.02920723226703755
0 0.903585657370518 0.15229485396383866 0.014342629482071713 0.02920723226703755
0 0.8912350597609562 0.18011126564673155 0.016733067729083666 0.037552155771905425
0 0.8661354581673307 0.15159944367176634 0.014342629482071713 0.030598052851182195
0 0.8729083665338646 0.13908205841446453 0.01195219123505976 0.022253129346314324
0 0.8334661354581674 0.1502086230876217 0.01593625498007968 0.030598052851182195
0 0.8370517928286852 0.12656467315716272 0.01195219123505976 0.022253129346314324
0 0.80199203187251 0.18011126564673155 0.015139442231075698 0.02920723226703755
0 0.8107569721115538 0.15507649513212796 0.015139442231075698 0.02920723226703755
0 0.8075697211155379 0.1258692628650904 0.01354581673306773 0.02364394993045897
0 0.7864541832669323 0.11821974965229484 0.011155378486055778 0.025034770514603615
0 0.7788844621513944 0.15438108484005564 0.015139442231075698 0.03337969401947149
0 0.8796812749003985 0.47844228094575797 0.028685258964143426 0.06119610570236439
0 0.29840637450199203 0.30528511821974963 0.018326693227091635 0.02364394993045897