0 0.06426839126919967 0.5536959553695955 0.04446240905416329 0.100418410041841
0 0.22069523039611963 0.34867503486750345 0.017784963621665317 0.030683403068340307
0 0.2506063055780113 0.36610878661087864 0.021018593371059012 0.03486750348675035
0 0.2877930476960388 0.3075313807531381 0.017784963621665317 0.03207810320781032
0 0.2861762328213419 0.3709902370990237 0.019401778496362165 0.03347280334728033
0 0.3362974939369442 0.3688981868898187 0.02263540824575586 0.043235704323570434
0 0.35125303152789006 0.3319386331938633 0.016976556184316895 0.03347280334728033
0 0.3577202910266774 0.29707112970711297 0.018593371059013743 0.030683403068340307
0 0.38965238480194014 0.32357043235704325 0.021018593371059012 0.030683403068340307
0 0.4114793856103476 0.34797768479776847 0.024252223120452707 0.046025104602510455
0 0.4082457558609539 0.29916317991631797 0.01616814874696847 0.026499302649930265
0 0.40703314470493124 0.2775453277545328 0.015359741309620048 0.022315202231520222
0 0.39329021827000804 0.2740585774058577 0.02021018593371059 0.03486750348675035
0 0.42279708973322555 0.25383542538354253 0.01616814874696847 0.02510460251046025
0 0.43411479385610346 0.27475592747559274 0.01616814874696847 0.02789400278940028
0 0.4527081649151172 0.2510460251046025 0.01131770412287793 0.02510460251046025
0 0.4692805173807599 0.23779637377963736 0.0137429264349232 0.01813110181311018
0 0.4737267582861762 0.2684797768479777 0.014551333872271624 0.026499302649930265
0 0.5008084074373484 0.2670850767085077 0.0137429264349232 0.03207810320781032
0 0.5092966855295068 0.25174337517433754 0.01131770412287793 0.029288702928870293
0 0.5206143896523848 0.2412831241283124 0.01616814874696847 0.019525801952580194
0 0.5226354082457558 0.2684797768479777 0.016976556184316895 0.03486750348675035
0 0.5464834276475343 0.24965132496513248 0.01616814874696847 0.03626220362622036
0 0.5549717057396928 0.22594142259414224 0.016976556184316895 0.02789400278940028
0 0.5743734842360549 0.22454672245467225 0.0137429264349232 0.02510460251046025
0 0.5767987065481002 0.25523012552301255 0.018593371059013743 0.03347280334728033
0 0.5885206143896523 0.23849372384937237 0.014551333872271624 0.02789400278940028
0 0.5982215036378334 0.22803347280334726 0.01616814874696847 0.026499302649930265
0 0.6083265966046887 0.20781032078103207 0.012126111560226353 0.02510460251046025
0 0.6244947453516572 0.21548117154811713 0.0137429264349232 0.01813110181311018
0 0.6515763945028293 0.21827057182705717 0.012934518997574777 0.02092050209205021
0 0.6701697655618432 0.2301255230125523 0.009700889248181082 0.02510460251046025
0 0.6362166531932093 0.2419804741980474 0.01131770412287793 0.01813110181311018
0 0.597413096200485 0.25732217573221755 0.012934518997574777 0.02092050209205021
0 0.5505254648342764 0.28382147838214783 0.01616814874696847 0.026499302649930265
0 0.5088924818108327 0.3200836820083682 0.016976556184316895 0.03486750348675035
0 0.4498787388843977 0.34449093444909346 0.016976556184316895 0.03626220362622036
0 0.7356507679870654 0.24337517433751743 0.012934518997574777 0.02092050209205021
0 0.7287793047696038 0.2649930264993026 0.0137429264349232 0.02789400278940028
0 0.7178658043654002 0.2810320781032078 0.014551333872271624 0.03486750348675035
0 0.7041228779304769 0.2629009762900976 0.012934518997574777 0.029288702928870293
0 0.6734033953112368 0.26778242677824265 0.012934518997574777 0.02510460251046025
0 0.6313662085691188 0.29637377963737793 0.01616814874696847 0.026499302649930265
0 0.5970088924818108 0.32496513249651326 0.016976556184316895 0.030683403068340307
0 0.5594179466451091 0.34867503486750345 0.02263540824575586 0.044630404463040445
0 0.5375909458367016 0.403765690376569 0.02263540824575586 0.046025104602510455
0 0.465642683912692 0.4142259414225941 0.025869037995149554 0.04741980474198047
0 0.5751818916734034 0.4330543933054393 0.02991107518189167 0.05160390516039051
0 0.5869037995149555 0.41841004184100417 0.021018593371059012 0.03626220362622036
0 0.6523848019401778 0.3298465829846583 0.01616814874696847 0.03486750348675035
0 0.6620856911883589 0.36750348675034866 0.02263540824575586 0.046025104602510455
0 0.6875505254648342 0.35355648535564854 0.02021018593371059 0.03765690376569038
0 0.7740501212611156 0.23709902370990235 0.015359741309620048 0.030683403068340307
0 0.7679870654810024 0.2684797768479777 0.014551333872271624 0.023709902370990237
0 0.7453516572352465 0.2949790794979079 0.014551333872271624 0.026499302649930265
0 0.8322554567502021 0.2615062761506276 0.0137429264349232 0.023709902370990237
0 0.8217461600646726 0.27266387726638774 0.0137429264349232 0.026499302649930265
0 0.8641875505254648 0.25732217573221755 0.012934518997574777 0.026499302649930265
0 0.8565076798706548 0.2740585774058577 0.015359741309620048 0.023709902370990237
0 0.8864187550525464 0.28521617852161785 0.012126111560226353 0.03486750348675035
0 0.9316895715440582 0.2691771269177127 0.015359741309620048 0.02789400278940028
0 0.9252223120452707 0.3124128312412831 0.012126111560226353 0.02510460251046025
0 0.9179466451091349 0.3333333333333333 0.0137429264349232 0.03347280334728033
0 0.8864187550525464 0.32566248256624825 0.016976556184316895 0.03207810320781032
0 0.8383185125303152 0.3207810320781032 0.014551333872271624 0.03905160390516039
0 0.8177041228779305 0.33403068340306835 0.02021018593371059 0.043235704323570434
0 0.7930476960388035 0.30822873082287305 0.01616814874696847 0.02789400278940028
0 0.7421180274858529 0.40585774058577406 0.024252223120452707 0.03626220362622036
0 0.786176232821342 0.4121338912133891 0.018593371059013743 0.043235704323570434
0 0.8007275666936136 0.3828451882845188 0.016976556184316895 0.03765690376569038
0 0.8556992724333063 0.37308228730822873 0.018593371059013743 0.046025104602510455
0 0.86661277283751 0.3605299860529986 0.017784963621665317 0.040446304044630406
0 0.9329021827000807 0.3723849372384937 0.019401778496362165 0.044630404463040445
0 0.9130962004850444 0.39609483960948394 0.02021018593371059 0.03905160390516039
0 0.9017784963621664 0.4623430962343096 0.026677445432497976 0.05439330543933054
0 0.837914308811641 0.43584379358437936 0.023443815683104285 0.05718270571827057
0 0.7974939369442199 0.5369595536959554 0.026677445432497976 0.0697350069735007
0 0.7037186742118027 0.4909344490934449 0.033144704931285365 0.06694560669456066
0 0.6370250606305577 0.45746164574616455 0.035569927243330635 0.06415620641562064