1 0.08454545454545455 0.3611940298507463 0.07818181818181819 0.1492537313432836
1 0.1918181818181818 0.31044776119402984 0.07090909090909091 0.10746268656716418
1 0.1918181818181818 0.4208955223880597 0.06727272727272728 0.11343283582089553
1 0.28545454545454546 0.3761194029850746 0.06181818181818182 0.13134328358208955
1 0.25363636363636366 0.3716417910447761 0.038181818181818185 0.09850746268656717
1 0.3236363636363636 0.40597014925373137 0.03636363636363636 0.08955223880597014
1 0.34454545454545454 0.3970149253731343 0.04181818181818182 0.11343283582089553
1 0.3936363636363636 0.42388059701492536 0.05272727272727273 0.11343283582089553
1 0.4409090909090909 0.4417910447761194 0.04181818181818182 0.08955223880597014
1 0.5981818181818181 0.408955223880597 0.04363636363636364 0.0955223880597015
1 0.6236363636363637 0.3537313432835821 0.05090909090909091 0.09850746268656717
1 0.67 0.3567164179104478 0.04181818181818182 0.1044776119402985
1 0.7218181818181818 0.3791044776119403 0.04727272727272727 0.10149253731343284
1 0.759090909090909 0.373134328358209 0.04181818181818182 0.08358208955223881
1 0.8427272727272728 0.4328358208955224 0.04909090909090909 0.08955223880597014
1 0.8818181818181818 0.41194029850746267 0.04727272727272727 0.08358208955223881
1 0.9318181818181818 0.42835820895522386 0.04181818181818182 0.09253731343283582
0 0.5327272727272727 0.39850746268656717 0.06181818181818182 0.11044776119402985
0 0.02 0.4298507462686567 0.04 0.10149253731343284