0 0.33408071748878926 0.17964071856287422 0.01569506726457399 0.03992015968063872
0 0.35201793721973096 0.19860279441117762 0.013452914798206279 0.03792415169660678
0 0.3839686098654708 0.1716566866267465 0.014573991031390135 0.0279441117764471
0 0.4114349775784753 0.17065868263473052 0.013452914798206279 0.02594810379241517
0 0.4260089686098655 0.16966067864271456 0.013452914798206279 0.03592814371257485
0 0.4310538116591928 0.1437125748502994 0.01233183856502242 0.0279441117764471
0 0.4405829596412556 0.15668662674650696 0.01569506726457399 0.02594810379241517
0 0.46917040358744394 0.12574850299401197 0.014573991031390135 0.02395209580838323
0 0.49495515695067266 0.13872255489021956 0.01905829596412556 0.02594810379241517
0 0.500560538116592 0.15668662674650696 0.01905829596412556 0.02594810379241517
0 0.524103139013453 0.12574850299401197 0.01233183856502242 0.0279441117764471
0 0.5358744394618834 0.1596806387225549 0.017937219730941704 0.031936127744510975
0 0.5605381165919282 0.155688622754491 0.020179372197309416 0.0279441117764471
0 0.5717488789237668 0.12874251497005987 0.01569506726457399 0.02594810379241517
0 0.5812780269058296 0.11876247504990019 0.016816143497757848 0.02594810379241517
0 0.5992152466367713 0.13872255489021956 0.014573991031390135 0.02594810379241517
0 0.6221973094170403 0.1027944111776447 0.011210762331838564 0.021956087824351295
0 0.6586322869955157 0.1117764471057884 0.010089686098654708 0.015968063872255488
0 0.679372197309417 0.1117764471057884 0.013452914798206279 0.01996007984031936
0 0.6642376681614349 0.1337325349301397 0.01233183856502242 0.031936127744510975
0 0.7079596412556054 0.11676646706586825 0.01233183856502242 0.021956087824351295
0 0.6227578475336323 0.1716566866267465 0.016816143497757848 0.03592814371257485
0 0.5812780269058296 0.18662674650698602 0.016816143497757848 0.03393213572854291
0 0.5291479820627802 0.2145708582834331 0.02242152466367713 0.03393213572854291
0 0.500560538116592 0.19061876247504989 0.021300448430493273 0.03393213572854291
0 0.46917040358744394 0.20958083832335328 0.021300448430493273 0.03592814371257485
0 0.47701793721973096 0.15668662674650696 0.01905829596412556 0.02594810379241517
0 0.7662556053811659 0.12874251497005987 0.01233183856502242 0.02994011976047904
0 0.7819506726457399 0.1337325349301397 0.014573991031390135 0.03592814371257485
0 0.8032511210762332 0.1277445109780439 0.01233183856502242 0.02395209580838323
0 0.8307174887892377 0.1307385229540918 0.013452914798206279 0.03393213572854291
0 0.859304932735426 0.14870259481037923 0.014573991031390135 0.02994011976047904
0 0.882847533632287 0.14870259481037923 0.010089686098654708 0.02594810379241517
0 0.9176008968609866 0.17864271457085826 0.016816143497757848 0.03792415169660678
0 0.9467488789237668 0.1716566866267465 0.01233183856502242 0.031936127744510975
0 0.9411434977578476 0.22155688622754488 0.016816143497757848 0.03992015968063872
0 0.9316143497757847 0.25848303393213573 0.017937219730941704 0.049900199600798396
0 0.8845291479820627 0.27145708582834327 0.020179372197309416 0.04391217564870259
0 0.8850896860986547 0.23453093812375247 0.016816143497757848 0.04590818363273453
0 0.8621076233183856 0.20658682634730538 0.01569506726457399 0.04590818363273453
0 0.8127802690582959 0.1596806387225549 0.013452914798206279 0.031936127744510975
0 0.7914798206278026 0.1746506986027944 0.013452914798206279 0.02994011976047904
0 0.7774663677130045 0.17964071856287422 0.016816143497757848 0.03992015968063872
0 0.7438340807174888 0.14870259481037923 0.014573991031390135 0.021956087824351295
0 0.7247757847533632 0.14271457085828343 0.014573991031390135 0.03393213572854291
0 0.6989910313901345 0.17664670658682632 0.016816143497757848 0.03393213572854291
0 0.7174887892376681 0.18662674650698602 0.017937219730941704 0.04590818363273453
0 0.7371076233183856 0.1806387225548902 0.016816143497757848 0.03393213572854291
0 0.6575112107623319 0.19461077844311375 0.01905829596412556 0.041916167664670656
0 0.6311659192825112 0.21357285429141715 0.02242152466367713 0.04790419161676646
0 0.6631165919282511 0.2365269461077844 0.021300448430493273 0.041916167664670656
0 0.7359865470852018 0.2365269461077844 0.021300448430493273 0.041916167664670656
0 0.8021300448430493 0.20958083832335328 0.016816143497757848 0.03592814371257485
0 0.8127802690582959 0.20758483033932135 0.01569506726457399 0.031936127744510975
0 0.5975336322869955 0.2275449101796407 0.02242152466367713 0.05988023952095808
0 0.8951793721973094 0.42215568862275443 0.04147982062780269 0.09780439121756486
0 0.6283632286995515 0.11976047904191615 0.010089686098654708 0.01996007984031936
0 0.5476457399103138 0.18862275449101795 0.016816143497757848 0.021956087824351295