0 0.18170829975825947 0.4691011235955056 0.0507655116841257 0.10393258426966293
0 0.6011281224818694 0.20014044943820225 0.016116035455278 0.03230337078651685
0 0.6148267526188558 0.20856741573033707 0.0177276390008058 0.02949438202247191
0 0.628928283642224 0.22050561797752807 0.021756647864625302 0.03089887640449438
0 0.6514907332796132 0.21067415730337077 0.0088638195004029 0.025280898876404494
0 0.6623690572119258 0.22191011235955055 0.0177276390008058 0.03089887640449438
0 0.669621273166801 0.22823033707865167 0.0145044319097502 0.02949438202247191
0 0.7397260273972602 0.23103932584269662 0.016116035455278 0.02949438202247191
0 0.5443190975020145 0.2148876404494382 0.0169218372280419 0.033707865168539325
0 0.5576148267526189 0.2556179775280899 0.0145044319097502 0.03089887640449438
0 0.5866236905721193 0.23525280898876405 0.022562449637389202 0.03230337078651685
0 0.5414987912973408 0.2808988764044944 0.0177276390008058 0.0449438202247191
0 0.38759065269943593 0.24859550561797752 0.016116035455278 0.02247191011235955
0 0.44842868654311036 0.24087078651685392 0.0153102336825141 0.023876404494382022
0 0.508460918614021 0.2872191011235955 0.020950846091861403 0.03792134831460674
0 0.4943593875906527 0.2675561797752809 0.021756647864625302 0.02949438202247191
0 0.4214343271555197 0.2816011235955056 0.0177276390008058 0.043539325842696625
0 0.40451248992747785 0.29213483146067415 0.016116035455278 0.03651685393258427
0 0.35052377115229655 0.2907303370786517 0.0128928283642224 0.03932584269662921
0 0.28323932312651084 0.29775280898876405 0.0153102336825141 0.033707865168539325
0 0.22199838839645447 0.33707865168539325 0.012087026591458501 0.03089887640449438
0 0.2562449637389202 0.34058988764044945 0.016116035455278 0.043539325842696625
0 0.2929089443996777 0.3560393258426966 0.0169218372280419 0.043539325842696625
0 0.31466559226430296 0.3848314606741573 0.020145044319097503 0.047752808988764044
0 0.35092667203867844 0.32303370786516855 0.0169218372280419 0.03089887640449438
0 0.3775181305398872 0.33146067415730335 0.0136986301369863 0.03089887640449438
0 0.40290088638195004 0.3300561797752809 0.016116035455278 0.03089887640449438
0 0.44157937147461723 0.33497191011235955 0.020950846091861403 0.04073033707865169
0 0.4617244157937147 0.30407303370786515 0.016116035455278 0.0351123595505618
0 0.5008058017727639 0.31952247191011235 0.0249798549556809 0.04073033707865169
0 0.5866236905721193 0.3202247191011236 0.0273972602739726 0.042134831460674156
0 0.6240934730056406 0.28581460674157305 0.031426269137792104 0.043539325842696625
0 0.4935535858178888 0.37991573033707865 0.0249798549556809 0.05758426966292135
0 0.5350523771152297 0.39185393258426965 0.0257856567284448 0.056179775280898875
0 0.6015310233682514 0.42134831460674155 0.0362610797743755 0.06179775280898876
0 0.6377921031426269 0.3286516853932584 0.023368251410153102 0.033707865168539325
0 0.6478646253021756 0.3672752808988764 0.0273972602739726 0.04915730337078651
0 0.6813053988718775 0.34129213483146065 0.021756647864625302 0.042134831460674156
0 0.6559226430298146 0.43469101123595505 0.0354552780016116 0.06882022471910113
0 0.7002417405318292 0.46629213483146065 0.0370668815471394 0.07865168539325842
0 0.7348912167606768 0.4009831460674157 0.0354552780016116 0.043539325842696625
0 0.7558420628525383 0.4396067415730337 0.032232070910556 0.05337078651685393
0 0.7679290894439967 0.24367977528089887 0.0177276390008058 0.03230337078651685
0 0.6958098307816277 0.25280898876404495 0.0136986301369863 0.03089887640449438
0 0.6643835616438356 0.26474719101123595 0.0169218372280419 0.0351123595505618
0 0.7123287671232876 0.2808988764044944 0.0145044319097502 0.042134831460674156
0 0.7352941176470588 0.2759831460674157 0.0185334407735697 0.026685393258426966
0 0.7562449637389203 0.2837078651685393 0.0185334407735697 0.042134831460674156
0 0.7937147461724415 0.24087078651685392 0.016116035455278 0.02949438202247191
0 0.8227236099919419 0.25702247191011235 0.020950846091861403 0.033707865168539325
0 0.8009669621273167 0.2914325842696629 0.022562449637389202 0.03230337078651685
0 0.8336019339242546 0.3047752808988764 0.0185334407735697 0.03932584269662921
0 0.8481063658340048 0.261938202247191 0.0153102336825141 0.04073033707865169
0 0.8557614826752619 0.25140449438202245 0.0145044319097502 0.047752808988764044
0 0.8058017727639001 0.3356741573033708 0.0177276390008058 0.042134831460674156
0 0.7868654311039484 0.35814606741573035 0.021756647864625302 0.042134831460674156
0 0.8473005640612409 0.36446629213483145 0.0249798549556809 0.0547752808988764
0 0.8013698630136986 0.4789325842696629 0.0298146655922643 0.0702247191011236
0 0.8771152296535052 0.2808988764044944 0.0169218372280419 0.03651685393258427
0 0.8670427074939564 0.3188202247191011 0.0177276390008058 0.03932584269662921
0 0.9157937147461724 0.2633426966292135 0.020145044319097503 0.03792134831460674
0 0.8738920225624496 0.3911516853932584 0.023368251410153102 0.046348314606741575
0 0.9016921837228041 0.35814606741573035 0.016116035455278 0.05056179775280899
0 0.9153908138597905 0.3089887640449438 0.016116035455278 0.02247191011235955
0 0.8932312651087833 0.4557584269662921 0.031426269137792104 0.06882022471910113
0 0.5068493150684932 0.24578651685393257 0.020950846091861403 0.02247191011235955
0 0.725624496373892 0.25070224719101125 0.0185334407735697 0.03792134831460674
0 0.8041901692183723 0.2696629213483146 0.016116035455278 0.03651685393258427
0 0.9141821112006446 0.324438202247191 0.0185334407735697 0.0646067415730337
0 0.8315874294923449 0.4431179775280899 0.0273972602739726 0.06320224719101124
0 0.5636583400483481 0.2401685393258427 0.012087026591458501 0.03089887640449438
0 0.4633360193392425 0.2661516853932584 0.019339242546333603 0.0351123595505618
0 0.435132957292506 0.30196629213483145 0.019339242546333603 0.03932584269662921