0 0.8617788461538463 0.25060240963855424 0.10817307692307693 0.11566265060240966
0 0.8016826923076924 0.3168674698795181 0.05528846153846154 0.07951807228915664
0 0.6826923076923077 0.30481927710843376 0.07211538461538462 0.08433734939759037
0 0.6346153846153847 0.32650602409638557 0.0625 0.06987951807228916
0 0.46634615384615385 0.3301204819277109 0.057692307692307696 0.06746987951807229
0 0.43870192307692313 0.3578313253012049 0.021634615384615384 0.026506024096385545
0 0.3786057692307693 0.3939759036144579 0.03125 0.03614457831325302
0 0.3137019230769231 0.3373493975903615 0.04567307692307693 0.05783132530120483
0 0.18389423076923078 0.3337349397590362 0.01201923076923077 0.016867469879518072
0 0.23918269230769232 0.33975903614457836 0.01201923076923077 0.014457831325301207
0 0.2536057692307692 0.3481927710843374 0.01201923076923077 0.012048192771084338
0 0.28966346153846156 0.3493975903614458 0.01201923076923077 0.01927710843373494
0 0.3665865384615385 0.3481927710843374 0.01201923076923077 0.016867469879518072
0 0.8605769230769231 0.0746987951807229 0.11057692307692309 0.12048192771084339
0 0.8052884615384616 0.025301204819277112 0.0625 0.050602409638554224
0 0.6850961538461539 0.03132530120481928 0.07692307692307693 0.06265060240963856
0 0.6322115384615385 0.020481927710843374 0.04807692307692308 0.04096385542168675