0 0.02403846153846154 0.46506024096385545 0.04807692307692308 0.05783132530120483
0 0.18389423076923078 0.43975903614457834 0.04567307692307693 0.06506024096385543
0 0.2199519230769231 0.44578313253012053 0.026442307692307696 0.033734939759036145
0 0.26322115384615385 0.4409638554216868 0.03605769230769231 0.03855421686746988
0 0.3076923076923077 0.4204819277108434 0.04807692307692308 0.050602409638554224
0 0.3473557692307693 0.4301204819277109 0.03605769230769231 0.045783132530120486
0 0.3978365384615385 0.4228915662650603 0.03605769230769231 0.04096385542168675
0 0.5336538461538461 0.427710843373494 0.0625 0.06024096385542169
0 0.5889423076923077 0.42530120481927713 0.038461538461538464 0.06024096385542169
0 0.6466346153846154 0.4120481927710844 0.04807692307692308 0.06746987951807229
0 0.7668269230769231 0.4120481927710844 0.05288461538461539 0.06746987951807229
0 0.8774038461538463 0.41445783132530123 0.0625 0.07710843373493977
0 0.9627403846153847 0.41445783132530123 0.03125 0.03855421686746988
0 0.7079326923076924 0.41807228915662653 0.03605769230769231 0.03132530120481928
0 0.3125 0.022891566265060243 0.038461538461538464 0.045783132530120486
0 0.3497596153846154 0.016867469879518072 0.03605769230769231 0.033734939759036145
0 0.3978365384615385 0.01927710843373494 0.040865384615384616 0.03855421686746988
0 0.6502403846153847 0.028915662650602414 0.05528846153846154 0.05783132530120483
0 0.6814903846153847 0.4168674698795181 0.021634615384615384 0.04819277108433735
0 0.7704326923076924 0.028915662650602414 0.05528846153846154 0.05783132530120483
0 0.8810096153846154 0.032530120481927716 0.06971153846153846 0.06506024096385543
0 0.967548076923077 0.026506024096385545 0.026442307692307696 0.033734939759036145
0 0.5360576923076923 0.020481927710843374 0.057692307692307696 0.04096385542168675
0 0.5901442307692308 0.020481927710843374 0.04567307692307693 0.04096385542168675