1 0.03605769230769231 0.4050480769230769 0.057692307692307696 0.06971153846153846
1 0.11658653846153846 0.40625 0.026442307692307696 0.038461538461538464
1 0.22235576923076925 0.3786057692307693 0.06009615384615385 0.0889423076923077
1 0.2728365384615385 0.4098557692307693 0.03605769230769231 0.05048076923076923
1 0.7211538461538461 0.390625 0.03365384615384616 0.04567307692307693
1 0.6682692307692308 0.38822115384615385 0.038461538461538464 0.06009615384615385
1 0.5949519230769231 0.390625 0.03605769230769231 0.05528846153846154
1 0.5492788461538461 0.4170673076923077 0.040865384615384616 0.06490384615384616
1 0.49759615384615385 0.3870192307692308 0.038461538461538464 0.05288461538461539
1 0.4435096153846154 0.4170673076923077 0.01682692307692308 0.026442307692307696
0 0.3774038461538462 0.41105769230769235 0.03365384615384616 0.038461538461538464
1 0.3401442307692308 0.4182692307692308 0.026442307692307696 0.038461538461538464