1 0.683695652173913 0.2714285714285714 0.13695652173913045 0.24285714285714285
1 0.8097826086956522 0.2732142857142857 0.10217391304347827 0.21785714285714286
1 0.24891304347826088 0.25 0.06739130434782609 0.14285714285714285
1 0.3173913043478261 0.28928571428571426 0.026086956521739132 0.05714285714285714
1 0.3641304347826087 0.2714285714285714 0.02391304347826087 0.06428571428571428
1 0.12065217391304348 0.30178571428571427 0.03260869565217391 0.06785714285714285
1 0.08369565217391305 0.30178571428571427 0.01956521739130435 0.04642857142857143
1 0.16195652173913044 0.3196428571428571 0.01956521739130435 0.039285714285714285
1 0.1815217391304348 0.3125 0.010869565217391304 0.024999999999999998
1 0.30217391304347824 0.28928571428571426 0.013043478260869566 0.04285714285714286
1 0.3804347826086957 0.28035714285714286 0.017391304347826087 0.04642857142857143