0 0.12876935615321922 0.5477239353891336 0.04400977995110024 0.0763582966226138
0 0.21923390383048083 0.3619676945668135 0.017929910350448247 0.02790014684287812
0 0.28769356153219233 0.37738619676945667 0.019559902200488997 0.041116005873715125
0 0.31907090464547677 0.39720998531571217 0.02526487367563162 0.04552129221732746
0 0.291361043194784 0.34287812041116006 0.02200488997555012 0.033773861967694566
0 0.28484107579462103 0.30910425844346545 0.017114914425427872 0.033773861967694566
0 0.3520782396088019 0.3406754772393539 0.017929910350448247 0.041116005873715125
0 0.3569682151589242 0.29809104258443464 0.017929910350448247 0.02936857562408223
0 0.3793806030969845 0.3406754772393539 0.015484922575387122 0.04405286343612334
0 0.4030154849225754 0.33773861967694563 0.020374898125509373 0.041116005873715125
0 0.38427057864710673 0.2790014684287812 0.015484922575387122 0.035242290748898675
0 0.40260798696006517 0.2804698972099853 0.013039934800325998 0.02936857562408223
0 0.4099429502852486 0.29809104258443464 0.014669926650366748 0.035242290748898675
0 0.43928280358598204 0.2687224669603524 0.014669926650366748 0.032305433186490456
0 0.447840260798696 0.25844346549192365 0.013854930725346373 0.02936857562408223
0 0.4400977995110024 0.303230543318649 0.021189894050529748 0.042584434654919234
0 0.45517522412387934 0.34140969162995594 0.02200488997555012 0.042584434654919234
0 0.4678076609616952 0.3142437591776799 0.017929910350448247 0.041116005873715125
0 0.4576202118989405 0.27973568281938327 0.013854930725346373 0.03083700440528634
0 0.4698451507742461 0.2356828193832599 0.013854930725346373 0.024963289280469897
0 0.4669926650366748 0.2599118942731277 0.013039934800325998 0.032305433186490456
0 0.48125509372453135 0.2834067547723935 0.015484922575387122 0.0381791483113069
0 0.5126324368378158 0.3208516886930984 0.019559902200488997 0.042584434654919234
0 0.47106764466177664 0.40381791483113066 0.030969845150774243 0.06754772393538913
0 0.5285248573757131 0.42070484581497797 0.02526487367563162 0.057268722466960346
0 0.530562347188264 0.37151248164464024 0.024449877750611245 0.04698972099853157
0 0.5134474327628361 0.2555066079295154 0.013039934800325998 0.026431718061674006
0 0.5228198859005705 0.27973568281938327 0.015484922575387122 0.033773861967694566
0 0.5452322738386308 0.24743024963289278 0.014669926650366748 0.03083700440528634
0 0.556642216788916 0.276798825256975 0.016299918500407497 0.033773861967694566
0 0.5709046454767726 0.26798825256975034 0.013854930725346373 0.03964757709251101
0 0.5709046454767726 0.24449339207048457 0.013854930725346373 0.024963289280469897
0 0.5546047269763651 0.2254038179148311 0.012224938875305623 0.024963289280469897
0 0.5729421352893235 0.2209985315712188 0.013039934800325998 0.024963289280469897
0 0.5998370008149959 0.2511013215859031 0.013039934800325998 0.02936857562408223
0 0.6104319478402608 0.2055800293685756 0.013039934800325998 0.026431718061674006
0 0.623879380603097 0.21659324522760645 0.013854930725346373 0.024963289280469897
0 0.6422167889160554 0.25844346549192365 0.014669926650366748 0.032305433186490456
0 0.6568867155664221 0.2173274596182085 0.011409942950285247 0.026431718061674006
0 0.6699266503667481 0.22834067547723935 0.011409942950285247 0.02790014684287812
0 0.680521597392013 0.223935389133627 0.011409942950285247 0.02790014684287812
0 0.7017114914425427 0.25917767988252566 0.017929910350448247 0.03964757709251101
0 0.5953545232273838 0.33259911894273125 0.02200488997555012 0.03964757709251101
0 0.591279543602282 0.39794419970631423 0.02852485737571312 0.049926578560939794
0 0.5709046454767726 0.46035242290748896 0.03341483292583537 0.06901615271659324
0 0.6361043194784026 0.5 0.036674816625916866 0.07195301027900146
0 0.700081499592502 0.55359765051395 0.034229828850855744 0.07929515418502202
0 0.6613691931540342 0.3920704845814978 0.02526487367563162 0.05873715124816446
0 0.6850040749796251 0.3744493392070484 0.020374898125509373 0.04405286343612334
0 0.7098614506927465 0.42584434654919234 0.026079869600651995 0.05873715124816446
0 0.7766911165444172 0.44713656387665196 0.029339853300733496 0.057268722466960346
0 0.8003259983700081 0.36784140969162993 0.024449877750611245 0.0513950073421439
0 0.6328443357783211 0.3069016152716593 0.018744906275468622 0.0381791483113069
0 0.6426242868785655 0.3406754772393539 0.02200488997555012 0.041116005873715125
0 0.6772616136919315 0.3267254038179148 0.022819885900570495 0.03671071953010279
0 0.6670741646291768 0.2804698972099853 0.015484922575387122 0.035242290748898675
0 0.7102689486552567 0.3010279001468429 0.018744906275468622 0.0381791483113069
0 0.7290138549307253 0.2459618208516887 0.013854930725346373 0.03671071953010279
0 0.7387938060309698 0.2459618208516887 0.015484922575387122 0.03671071953010279
0 0.7477587612061939 0.2276064610866373 0.012224938875305623 0.02936857562408223
0 0.7758761206193968 0.22907488986784139 0.013039934800325998 0.032305433186490456
0 0.7762836185819071 0.2738619676945668 0.013854930725346373 0.03671071953010279
0 0.7624286878565607 0.290014684287812 0.017114914425427872 0.042584434654919234
0 0.7991035044824776 0.25844346549192365 0.013854930725346373 0.026431718061674006
0 0.8333333333333333 0.2665198237885462 0.012224938875305623 0.03083700440528634
0 0.8084759576202118 0.2775330396475771 0.014669926650366748 0.02936857562408223
0 0.8064384678076609 0.3069016152716593 0.015484922575387122 0.04405286343612334
0 0.8402607986960065 0.30616740088105726 0.014669926650366748 0.042584434654919234
0 0.8541157294213528 0.3105726872246696 0.013039934800325998 0.033773861967694566
0 0.854523227383863 0.2731277533039647 0.012224938875305623 0.0381791483113069
0 0.8691931540342298 0.2621145374449339 0.010594947025264874 0.033773861967694566
0 0.8814180929095354 0.2856093979441997 0.017114914425427872 0.03964757709251101
0 0.9242053789731051 0.2951541850220264 0.013039934800325998 0.023494860499265784
0 0.9278728606356967 0.30837004405286345 0.013854930725346373 0.032305433186490456
0 0.9348003259983699 0.3267254038179148 0.016299918500407497 0.03671071953010279
0 0.9185004074979625 0.3384728340675477 0.016299918500407497 0.033773861967694566
0 0.921760391198044 0.36049926578560937 0.016299918500407497 0.03964757709251101
0 0.8977180114099429 0.3399412628487518 0.017114914425427872 0.042584434654919234
0 0.8691931540342298 0.3795888399412628 0.02200488997555012 0.05433186490455213
0 0.8765281173594132 0.41923641703377384 0.02526487367563162 0.05433186490455213
0 0.8480032599837001 0.40748898678414097 0.018744906275468622 0.0513950073421439
0 0.9095354523227384 0.4794419970631424 0.027709861450692746 0.06901615271659324
0 0.8394458027709861 0.4566813509544787 0.027709861450692746 0.05580029368575624
0 0.7933985330073349 0.5807635829662261 0.02689486552567237 0.07488986784140969