1 0.7439903846153847 0.1566265060240964 0.01682692307692308 0.024096385542168676
1 0.7427884615384616 0.16867469879518074 0.019230769230769232 0.01927710843373494
1 0.08413461538461539 0.3771084337349398 0.11538461538461539 0.12771084337349398
1 0.20072115384615385 0.4096385542168675 0.06490384615384616 0.09156626506024097
1 0.2728365384615385 0.44939759036144583 0.03125 0.04096385542168675
1 0.3713942307692308 0.4373493975903615 0.021634615384615384 0.04096385542168675
1 0.3930288461538462 0.4373493975903615 0.01682692307692308 0.03614457831325302
1 0.4603365384615385 0.3746987951807229 0.08413461538461539 0.10843373493975905
1 0.5829326923076923 0.3963855421686747 0.07451923076923077 0.08433734939759037
1 0.764423076923077 0.4084337349397591 0.07211538461538462 0.11325301204819278
1 0.9447115384615385 0.3746987951807229 0.0625 0.08433734939759037