0 0.24879807692307693 0.3713942307692308 0.026442307692307696 0.05048076923076923
0 0.3545673076923077 0.3389423076923077 0.04567307692307693 0.057692307692307696
0 0.514423076923077 0.33293269230769235 0.05288461538461539 0.06971153846153846
0 0.5829326923076923 0.33653846153846156 0.040865384615384616 0.057692307692307696
0 0.655048076923077 0.35697115384615385 0.06971153846153846 0.06971153846153846
0 0.8173076923076924 0.34615384615384615 0.04807692307692308 0.0625
0 0.8942307692307693 0.29086538461538464 0.10096153846153846 0.11538461538461539
0 0.8930288461538463 0.06490384615384616 0.10817307692307693 0.11538461538461539
0 0.8161057692307693 0.021634615384615384 0.05048076923076923 0.04326923076923077
0 0.35336538461538464 0.022836538461538464 0.04326923076923077 0.04567307692307693
0 0.514423076923077 0.028846153846153848 0.057692307692307696 0.057692307692307696
0 0.5817307692307693 0.022836538461538464 0.04807692307692308 0.04567307692307693
0 0.6538461538461539 0.019230769230769232 0.07211538461538462 0.038461538461538464