1 0.49562500000000004 0.56296992481203 0.04875 0.07330827067669173
1 0.56 0.5281954887218044 0.055 0.07518796992481203
1 0.620625 0.556390977443609 0.03625 0.06015037593984962
1 0.660625 0.5451127819548872 0.04875 0.07894736842105263
1 0.703125 0.5441729323308271 0.03125 0.06203007518796992
1 0.731875 0.5422932330827067 0.03375 0.05451127819548872
1 0.82375 0.5178571428571428 0.03 0.05451127819548872
1 0.851875 0.5319548872180451 0.04125 0.06390977443609022
1 0.88875 0.5516917293233082 0.0325 0.06954887218045112
1 0.51 0.5056390977443609 0.04 0.05263157894736842
1 0.45875 0.5291353383458647 0.0325 0.05075187969924812
0 0.94125 0.5554511278195489 0.09 0.12969924812030076