0 0.859375 0.4278846153846154 0.0889423076923077 0.11057692307692309
0 0.9567307692307693 0.3737980769230769 0.038461538461538464 0.040865384615384616
0 0.9759615384615385 0.39543269230769235 0.04326923076923077 0.06971153846153846
0 0.6887019230769231 0.3701923076923077 0.03125 0.04807692307692308
0 0.655048076923077 0.3930288461538462 0.05528846153846154 0.07451923076923077
0 0.5697115384615385 0.3557692307692308 0.038461538461538464 0.05288461538461539
0 0.6033653846153847 0.35216346153846156 0.028846153846153848 0.05048076923076923
0 0.27403846153846156 0.3653846153846154 0.03365384615384616 0.04807692307692308
0 0.3509615384615385 0.38461538461538464 0.028846153846153848 0.04326923076923077
0 0.3966346153846154 0.3701923076923077 0.03365384615384616 0.04807692307692308
0 0.4807692307692308 0.3629807692307693 0.03365384615384616 0.04807692307692308
0 0.780048076923077 0.3605769230769231 0.040865384615384616 0.057692307692307696