1 0.07722772277227723 0.38984168865435354 0.0594059405940594 0.08839050131926121
1 0.15742574257425743 0.3759894459102902 0.04554455445544554 0.07915567282321899
1 0.2193069306930693 0.3733509234828496 0.040594059405940595 0.06860158311345646
1 0.27920792079207923 0.38852242744063326 0.03762376237623762 0.059366754617414245
1 0.35396039603960394 0.40105540897097625 0.034653465346534656 0.055408970976253295
1 0.4391089108910891 0.3700527704485488 0.03663366336633663 0.05672823218997361
1 0.5079207920792079 0.3812664907651715 0.033663366336633666 0.055408970976253295
1 0.5638613861386139 0.3786279683377309 0.034653465346534656 0.05804749340369393
1 0.647029702970297 0.35686015831134565 0.032673267326732675 0.05672823218997361
1 0.6673267326732674 0.39313984168865435 0.031683168316831684 0.06068601583113456
1 0.7133663366336633 0.37994722955145116 0.03861386138613861 0.06596306068601583
1 0.7955445544554456 0.39643799472295516 0.0504950495049505 0.08575197889182058
1 0.8975247524752475 0.3390501319261214 0.05247524752475247 0.08443271767810026
1 0.9455445544554456 0.3766490765171504 0.04356435643564356 0.05408970976253298