1 0.05528846153846154 0.5348557692307693 0.02403846153846154 0.026442307692307696
1 0.07692307692307693 0.5600961538461539 0.028846153846153848 0.03365384615384616
1 0.125 0.5637019230769231 0.03365384615384616 0.04567307692307693
1 0.22235576923076925 0.5588942307692308 0.03125 0.04567307692307693
1 0.2764423076923077 0.5504807692307693 0.028846153846153848 0.04326923076923077
1 0.3076923076923077 0.5673076923076923 0.03365384615384616 0.05288461538461539
1 0.33774038461538464 0.5444711538461539 0.021634615384615384 0.026442307692307696
1 0.3966346153846154 0.546875 0.038461538461538464 0.06009615384615385
1 0.4639423076923077 0.5528846153846154 0.014423076923076924 0.019230769230769232
1 0.4879807692307693 0.5516826923076923 0.02403846153846154 0.03125
1 0.5180288461538461 0.5576923076923077 0.03125 0.038461538461538464
1 0.5600961538461539 0.5444711538461539 0.038461538461538464 0.06009615384615385
1 0.6370192307692308 0.5480769230769231 0.028846153846153848 0.04326923076923077
1 0.6754807692307693 0.5492788461538461 0.02403846153846154 0.03605769230769231
1 0.7115384615384616 0.5625 0.038461538461538464 0.04807692307692308
1 0.7439903846153847 0.5540865384615385 0.01682692307692308 0.026442307692307696
1 0.7992788461538461 0.5420673076923077 0.03125 0.040865384615384616
1 0.8966346153846154 0.5408653846153847 0.02403846153846154 0.03365384615384616
1 0.9651442307692308 0.5432692307692308 0.03605769230769231 0.04326923076923077
0 0.9314903846153847 0.5961538461538461 0.06009615384615385 0.06730769230769232