1 0.74 0.3866666666666667 0.02 0.013333333333333334
1 0.6375000000000001 0.3925 0.02 0.011666666666666667
1 0.625 0.4191666666666667 0.02 0.015000000000000001
1 0.47750000000000004 0.4733333333333334 0.02 0.013333333333333334
1 0.56 0.49250000000000005 0.02 0.015000000000000001
1 0.4975 0.445 0.015 0.013333333333333334
1 0.53125 0.45 0.0175 0.013333333333333334
1 0.26375 0.9008333333333334 0.0375 0.028333333333333335
1 0.27625 0.8616666666666667 0.0425 0.02666666666666667
1 0.3175 0.6733333333333333 0.03 0.02
0 0.5925 0.5891666666666667 0.02 0.015000000000000001
0 0.52375 0.6733333333333333 0.0275 0.02
0 0.3725 0.6683333333333333 0.025 0.02
0 0.40375 0.5125000000000001 0.0225 0.018333333333333333
0 0.1525 0.6366666666666667 0.025 0.02
0 0.09 0.6433333333333334 0.03 0.02
0 0.0375 0.6858333333333334 0.025 0.021666666666666667
0 0.0275 0.7083333333333334 0.025 0.023333333333333334
0 0.0125 0.8433333333333334 0.025 0.02666666666666667
0 0.0275 0.8108333333333334 0.035 0.028333333333333335
0 0.18 0.8766666666666667 0.035 0.023333333333333334
0 0.10875 0.9233333333333333 0.0425 0.030000000000000002
0 0.01375 0.9016666666666667 0.0275 0.02666666666666667
0 0.00875 0.8708333333333333 0.0175 0.025
0 0.7325 0.7783333333333334 0.03 0.023333333333333334
0 0.5337500000000001 0.9458333333333334 0.0375 0.028333333333333335
0 0.5700000000000001 0.8966666666666667 0.035 0.02666666666666667
0 0.23625000000000002 0.9516666666666668 0.0425 0.02666666666666667
0 0.39 0.8316666666666667 0.03 0.023333333333333334
0 0.4275 0.8275 0.03 0.021666666666666667
0 0.43375 0.7966666666666667 0.0275 0.023333333333333334
1 0.3925 0.785 0.035 0.023333333333333334
1 0.59 0.8216666666666668 0.04 0.02666666666666667
0 0.91625 0.9808333333333334 0.0425 0.028333333333333335
0 0.99 0.8608333333333333 0.015 0.025
0 0.3275 0.7191666666666667 0.03 0.025
0 0.64125 0.5275000000000001 0.0225 0.015000000000000001
1 0.6725 0.49500000000000005 0.025 0.016666666666666666
0 0.72375 0.4658333333333334 0.0175 0.011666666666666667
0 0.195 0.34750000000000003 0.015 0.011666666666666667
0 0.17250000000000001 0.34833333333333333 0.015 0.01
0 0.145 0.35250000000000004 0.015 0.011666666666666667
0 0.09875 0.38083333333333336 0.0175 0.011666666666666667