1 0.51 0.20666666666666667 0.06444444444444444 0.1511111111111111
1 0.6616666666666666 0.2222222222222222 0.13444444444444445 0.26222222222222225
1 0.9122222222222223 0.14444444444444443 0.09333333333333334 0.17777777777777778
1 0.4816666666666667 0.2511111111111111 0.04111111111111111 0.08888888888888889
1 0.42944444444444446 0.24555555555555555 0.05 0.10888888888888888
1 0.2811111111111111 0.29333333333333333 0.1111111111111111 0.21333333333333332
1 0.06277777777777778 0.24555555555555555 0.07222222222222222 0.13555555555555557
0 0.7905555555555556 0.2222222222222222 0.04555555555555556 0.10222222222222223
0 0.7277777777777777 0.24666666666666667 0.03333333333333333 0.08
0 0.17888888888888888 0.3088888888888889 0.044444444444444446 0.10666666666666666
0 0.2127777777777778 0.2811111111111111 0.027777777777777776 0.06444444444444444
0 0.14277777777777778 0.27 0.01888888888888889 0.04666666666666667
0 0.12611111111111112 0.28888888888888886 0.021111111111111112 0.044444444444444446
0 0.1 0.29333333333333333 0.022222222222222223 0.04