1 0.5389972144846796 0.4145486415425066 0.10167130919220056 0.16476774758983348
1 0.6448467966573816 0.3733567046450482 0.09192200557103064 0.15775635407537247
1 0.7809888579387186 0.4079754601226994 0.09818941504178273 0.1446099912357581
1 0.782033426183844 0.35056967572305 0.10027855153203342 0.08588957055214724
1 0.8433147632311978 0.364592462751972 0.06824512534818941 0.12445223488168274
1 0.8471448467966574 0.30762489044697633 0.06894150417827298 0.09815950920245399
1 0.685933147632312 0.3895705521472393 0.05013927576601671 0.10078878177037687
1 0.6048050139275766 0.4005258545135846 0.03969359331476323 0.10341805433829974
1 0.49651810584958217 0.3624014022787029 0.04596100278551532 0.06923751095530237
1 0.3722144846796657 0.394829097283085 0.07033426183844012 0.10429447852760737
1 0.30362116991643456 0.4119193689745837 0.08774373259052924 0.12094653812445223
1 0.16295264623955433 0.31858019281332167 0.18245125348189414 0.22699386503067484
1 0.044916434540389974 0.3479404031551271 0.08983286908077995 0.16652059596844873