0 0.609375 0.4639423076923077 0.03605769230769231 0.04326923076923077
0 0.43028846153846156 0.4399038461538462 0.04326923076923077 0.057692307692307696
0 0.6766826923076923 0.44230769230769235 0.06009615384615385 0.0625
0 0.7271634615384616 0.44591346153846156 0.021634615384615384 0.05048076923076923
0 0.7596153846153847 0.4399038461538462 0.05288461538461539 0.06730769230769232
0 0.920673076923077 0.4555288461538462 0.04807692307692308 0.06009615384615385
1 0.24879807692307693 0.43028846153846156 0.04567307692307693 0.07211538461538462
1 0.3786057692307693 0.4519230769230769 0.04567307692307693 0.06730769230769232
1 0.47355769230769235 0.4290865384615385 0.05288461538461539 0.06971153846153846
0 0.2824519230769231 0.4447115384615385 0.03605769230769231 0.04326923076923077
0 0.8233173076923077 0.4831730769230769 0.03605769230769231 0.04807692307692308