0 0.078125 0.427710843373494 0.06009615384615385 0.06987951807228916
0 0.01682692307692308 0.45783132530120485 0.03365384615384616 0.05783132530120483
0 0.14302884615384617 0.4626506024096386 0.040865384615384616 0.04337349397590362
0 0.203125 0.4409638554216868 0.040865384615384616 0.06746987951807229
0 0.2295673076923077 0.45783132530120485 0.026442307692307696 0.033734939759036145
0 0.2644230769230769 0.45421686746987955 0.038461538461538464 0.050602409638554224
0 0.33052884615384615 0.4481927710843374 0.03125 0.033734939759036145
0 0.3930288461538462 0.4421686746987952 0.040865384615384616 0.045783132530120486
0 0.43149038461538464 0.43975903614457834 0.03125 0.045783132530120486
0 0.5048076923076923 0.4421686746987952 0.03365384615384616 0.050602409638554224
0 0.5336538461538461 0.44698795180722894 0.02403846153846154 0.03614457831325302
0 0.59375 0.427710843373494 0.04807692307692308 0.055421686746987955
0 0.6899038461538461 0.44337349397590364 0.05288461538461539 0.05783132530120483
0 0.6634615384615385 0.43253012048192774 0.03365384615384616 0.045783132530120486
0 0.7379807692307693 0.43975903614457834 0.03365384615384616 0.045783132530120486
0 0.8209134615384616 0.4204819277108434 0.04567307692307693 0.055421686746987955
0 0.9651442307692308 0.42891566265060244 0.06009615384615385 0.06746987951807229