1 0.203125 0.46867469879518076 0.0889423076923077 0.12289156626506025
1 0.3713942307692308 0.6903614457831326 0.16586538461538464 0.1855421686746988
1 0.28365384615384615 0.4421686746987952 0.06730769230769232 0.10843373493975905
1 0.2920673076923077 0.27590361445783135 0.03605769230769231 0.09397590361445785
1 0.29086538461538464 0.06385542168674699 0.03365384615384616 0.0891566265060241
1 0.47355769230769235 0.07951807228915664 0.05288461538461539 0.0819277108433735
1 0.4170673076923077 0.3168674698795181 0.05528846153846154 0.09397590361445785
1 0.47355769230769235 0.26506024096385544 0.04326923076923077 0.08674698795180724
1 0.6045673076923077 0.5987951807228916 0.11298076923076923 0.14698795180722893
1 0.7932692307692308 0.4481927710843374 0.07211538461538462 0.10120481927710845
1 0.8822115384615385 0.5674698795180724 0.1201923076923077 0.09397590361445785
1 0.4711538461538462 0.4240963855421687 0.0625 0.08674698795180724
1 0.7235576923076924 0.25421686746987954 0.019230769230769232 0.09397590361445785
1 0.7223557692307693 0.08433734939759037 0.026442307692307696 0.08674698795180724
1 0.16947115384615385 0.26746987951807233 0.01682692307692308 0.024096385542168676