1 0.6271428571428571 0.17659574468085107 0.037142857142857144 0.059574468085106386
1 0.4057142857142857 0.601063829787234 0.04285714285714286 0.06595744680851064
1 0.08785714285714286 0.13936170212765958 0.03571428571428571 0.06170212765957447
1 0.12571428571428572 0.09787234042553192 0.03428571428571429 0.0723404255319149
1 0.16428571428571428 0.1276595744680851 0.03142857142857143 0.059574468085106386
1 0.4278571428571429 0.09574468085106383 0.03857142857142857 0.059574468085106386
0 0.21071428571428572 0.5393617021276595 0.04428571428571428 0.08297872340425531
0 0.06285714285714286 0.4702127659574468 0.04285714285714286 0.06808510638297872
0 0.18071428571428572 0.3127659574468085 0.032857142857142856 0.06808510638297872
0 0.205 0.2521276595744681 0.03571428571428571 0.06170212765957447
0 0.18571428571428572 0.2297872340425532 0.03142857142857143 0.05106382978723405
0 0.18857142857142858 0.15425531914893617 0.03428571428571429 0.05319148936170213
0 0.6135714285714285 0.12446808510638298 0.027142857142857142 0.04893617021276596