0 0.04567307692307693 0.4483173076923077 0.09134615384615385 0.2620192307692308
1 0.11418269230769232 0.48197115384615385 0.08413461538461539 0.1466346153846154
1 0.19951923076923078 0.48557692307692313 0.07692307692307693 0.10096153846153846
1 0.3617788461538462 0.47355769230769235 0.03605769230769231 0.07211538461538462
1 0.41586538461538464 0.4759615384615385 0.07692307692307693 0.11057692307692309
0 0.5528846153846154 0.45793269230769235 0.04326923076923077 0.05048076923076923
1 0.6189903846153847 0.44711538461538464 0.07451923076923077 0.11057692307692309
1 0.7764423076923077 0.4603365384615385 0.04807692307692308 0.06009615384615385
1 0.71875 0.42668269230769235 0.11057692307692309 0.13701923076923078
1 0.9411057692307693 0.390625 0.11298076923076923 0.18028846153846154
1 0.936298076923077 0.4711538461538462 0.04567307692307693 0.07692307692307693