1 0.9759615384615385 0.45783132530120485 0.02403846153846154 0.028915662650602414
1 0.7824519230769231 0.4626506024096386 0.026442307692307696 0.033734939759036145
1 0.8846153846153847 0.47831325301204825 0.03365384615384616 0.06024096385542169
1 0.8545673076923077 0.49638554216867475 0.06009615384615385 0.0819277108433735
1 0.1201923076923077 0.47228915662650606 0.0625 0.0963855421686747
1 0.18509615384615385 0.47228915662650606 0.08173076923076923 0.0963855421686747
1 0.23317307692307693 0.48313253012048196 0.057692307692307696 0.09879518072289158
1 0.3028846153846154 0.47831325301204825 0.05288461538461539 0.06506024096385543
1 0.4182692307692308 0.46385542168674704 0.0625 0.07951807228915664
1 0.49278846153846156 0.46144578313253015 0.07211538461538462 0.09879518072289158
1 0.5540865384615385 0.46385542168674704 0.040865384615384616 0.055421686746987955
1 0.6045673076923077 0.45421686746987955 0.06009615384615385 0.07951807228915664
1 0.671875 0.45662650602409643 0.01682692307692308 0.03132530120481928
1 0.7091346153846154 0.46024096385542174 0.04807692307692308 0.07228915662650603