1 0.4890625 0.09518348623853212 0.043750000000000004 0.08486238532110092
1 0.4453125 0.11009174311926606 0.037500000000000006 0.06422018348623854
1 0.46953125 0.38302752293577985 0.060937500000000006 0.11009174311926606
1 0.40625 0.6215596330275229 0.1 0.15137614678899083
1 0.5281250000000001 0.4438073394495413 0.06875 0.11238532110091744
1 0.634375 0.41972477064220187 0.07187500000000001 0.11009174311926606
1 0.6609375000000001 0.10894495412844038 0.046875 0.08027522935779817
1 0.21953125 0.18463302752293578 0.051562500000000004 0.09403669724770643
1 0.24609375 0.40825688073394495 0.1078125 0.16055045871559634
0 0.4609375 0.16055045871559634 0.043750000000000004 0.08256880733944955
1 0.60703125 0.15940366972477066 0.0390625 0.06651376146788991
0 0.046875 0.375 0.065625 0.08944954128440367