1 0.7563636363636363 0.7027272727272728 0.13454545454545455 0.1618181818181818
1 0.14272727272727273 0.7390909090909091 0.10727272727272727 0.1290909090909091
1 0.40545454545454546 0.7481818181818182 0.03272727272727273 0.034545454545454546
1 0.27454545454545454 0.71 0.03272727272727273 0.04181818181818182
1 0.3281818181818182 0.7554545454545455 0.02 0.023636363636363636
1 0.3090909090909091 0.7381818181818182 0.02181818181818182 0.02909090909090909
1 0.24272727272727274 0.7490909090909091 0.012727272727272728 0.014545454545454545
1 0.3790909090909091 0.759090909090909 0.00909090909090909 0.012727272727272728
1 0.38727272727272727 0.7554545454545455 0.01090909090909091 0.016363636363636365
1 0.3563636363636364 0.76 0.01090909090909091 0.014545454545454545
1 0.24181818181818182 0.21272727272727274 0.09818181818181818 0.10545454545454545
1 0.6945454545454546 0.26272727272727275 0.05818181818181818 0.07090909090909091
1 0.8118181818181818 0.28363636363636363 0.06 0.07272727272727272