1 0.030048076923076924 0.0733173076923077 0.06009615384615385 0.09375
1 0.04447115384615385 0.02764423076923077 0.040865384615384616 0.05048076923076923
1 0.11418269230769232 0.03125 0.06971153846153846 0.0625
1 0.16586538461538464 0.028846153846153848 0.03365384615384616 0.05288461538461539
1 0.21514423076923078 0.04326923076923077 0.04567307692307693 0.05288461538461539
1 0.3605769230769231 0.04326923076923077 0.05288461538461539 0.0625
1 0.4399038461538462 0.07211538461538462 0.04807692307692308 0.057692307692307696
1 0.47355769230769235 0.054086538461538464 0.03365384615384616 0.040865384615384616
1 0.6502403846153847 0.06009615384615385 0.04567307692307693 0.05288461538461539
1 0.8725961538461539 0.03605769230769231 0.04326923076923077 0.04326923076923077
1 0.953125 0.078125 0.03125 0.040865384615384616
1 0.9771634615384616 0.056490384615384616 0.040865384615384616 0.07932692307692309
1 0.026442307692307696 0.3581730769230769 0.05288461538461539 0.09134615384615385
1 0.040865384615384616 0.40625 0.038461538461538464 0.04326923076923077
1 0.11538461538461539 0.41105769230769235 0.06730769230769232 0.07211538461538462
1 0.16466346153846154 0.39543269230769235 0.03605769230769231 0.040865384615384616
1 0.21274038461538464 0.3894230769230769 0.040865384615384616 0.05288461538461539
1 0.3581730769230769 0.3930288461538462 0.04807692307692308 0.06490384615384616
1 0.4411057692307693 0.3605769230769231 0.04567307692307693 0.05288461538461539
1 0.6478365384615385 0.375 0.05528846153846154 0.057692307692307696
1 0.8713942307692308 0.39903846153846156 0.040865384615384616 0.04807692307692308
1 0.9555288461538463 0.3557692307692308 0.03125 0.038461538461538464
1 0.9759615384615385 0.3701923076923077 0.04326923076923077 0.07692307692307693