0 0.8725961538461539 0.3843373493975904 0.09134615384615385 0.10843373493975905
0 0.9579326923076924 0.3686746987951808 0.06971153846153846 0.07710843373493977
0 0.6802884615384616 0.4036144578313253 0.06730769230769232 0.08433734939759037
0 0.5408653846153847 0.4228915662650603 0.0625 0.08433734939759037
0 0.4375 0.3987951807228916 0.08173076923076923 0.10843373493975905
0 0.3810096153846154 0.419277108433735 0.05048076923076923 0.06746987951807229
0 0.2403846153846154 0.4156626506024097 0.06730769230769232 0.08433734939759037
0 0.10817307692307693 0.32168674698795185 0.16346153846153846 0.1951807228915663
0 0.10817307692307693 0.0855421686746988 0.16826923076923078 0.1710843373493976
0 0.9591346153846154 0.028915662650602414 0.06730769230769232 0.05783132530120483
0 0.8713942307692308 0.03132530120481928 0.0889423076923077 0.06265060240963856