1 0.481 0.518361581920904 0.058 0.09887005649717515
1 0.45 0.5282485875706214 0.028 0.06779661016949153
1 0.5650000000000001 0.5084745762711864 0.062 0.07344632768361582
1 0.666 0.5296610169491526 0.07200000000000001 0.09322033898305085
1 0.722 0.5 0.04 0.05649717514124294
1 0.733 0.5451977401129944 0.042 0.06214689265536723
1 0.79 0.5494350282485876 0.048 0.06497175141242938
1 0.916 0.5508474576271186 0.06 0.0790960451977401
0 0.052000000000000005 0.53954802259887 0.076 0.11864406779661017
0 0.16 0.5225988700564972 0.024 0.03954802259887005
0 0.197 0.5451977401129944 0.022 0.03389830508474576
0 0.246 0.5282485875706214 0.028 0.03954802259887005
0 0.293 0.5466101694915254 0.038 0.05367231638418079
0 0.34900000000000003 0.5790960451977402 0.042 0.05649717514124294
0 0.231 0.5536723163841808 0.022 0.02824858757062147
0 0.607 0.5494350282485876 0.03 0.0423728813559322
0 0.867 0.5607344632768362 0.07 0.11016949152542373