0 0.2708994708994709 0.40737240075614367 0.07195767195767196 0.1228733459357278
0 0.3920634920634921 0.5302457466918715 0.07301587301587302 0.13799621928166353
0 0.308994708994709 0.2060491493383743 0.025396825396825397 0.04914933837429112
0 0.40740740740740744 0.2655954631379962 0.027513227513227514 0.05860113421550095
0 0.42380952380952386 0.21077504725897922 0.01798941798941799 0.035916824196597356
0 0.47460317460317464 0.2277882797731569 0.020105820105820106 0.03213610586011342
0 0.49470899470899476 0.21833648393194707 0.020105820105820106 0.035916824196597356
0 0.5888888888888889 0.25897920604914937 0.028571428571428574 0.04158790170132325
0 0.6222222222222222 0.24291115311909264 0.027513227513227514 0.05860113421550095
0 0.5592592592592593 0.07750472589792061 0.015873015873015876 0.026465028355387523
0 0.5962962962962963 0.11436672967863895 0.015873015873015876 0.02835538752362949
0 0.6126984126984127 0.11342155009451796 0.014814814814814815 0.030245746691871456
0 0.6275132275132276 0.11814744801512288 0.014814814814814815 0.02835538752362949
0 0.6740740740740742 0.10680529300567108 0.016931216931216932 0.02835538752362949