0 0.5807228915662651 0.30406852248394006 0.04096385542168675 0.08565310492505354
0 0.5313253012048194 0.18950749464668096 0.016867469879518072 0.036402569593147756
0 0.5903614457831325 0.1573875802997859 0.014457831325301207 0.032119914346895075
0 0.6240963855421687 0.20021413276231265 0.01927710843373494 0.032119914346895075
0 0.6716867469879518 0.17987152034261242 0.01566265060240964 0.034261241970021415
0 0.6734939759036145 0.20235546038543897 0.01927710843373494 0.04068522483940043
0 0.6614457831325302 0.24625267665952894 0.024096385542168676 0.05139186295503212
0 0.7078313253012049 0.1948608137044968 0.01566265060240964 0.03854389721627409
0 0.7500000000000001 0.1948608137044968 0.01807228915662651 0.03854389721627409
0 0.7584337349397591 0.23233404710920771 0.022891566265060243 0.044967880085653104
0 0.7481927710843375 0.27194860813704497 0.024096385542168676 0.047109207708779445
0 0.8210843373493977 0.2623126338329765 0.022891566265060243 0.044967880085653104
0 0.7451807228915663 0.3468950749464668 0.032530120481927716 0.06852248394004283
0 0.8078313253012049 0.3940042826552463 0.032530120481927716 0.07280513918629551
0 0.916265060240964 0.3993576017130621 0.032530120481927716 0.062098501070663815