1 0.2620192307692308 0.36899038461538464 0.06730769230769232 0.08413461538461539
0 0.1983173076923077 0.38461538461538464 0.04567307692307693 0.04807692307692308
0 0.31009615384615385 0.4086538461538462 0.04326923076923077 0.05288461538461539
0 0.3737980769230769 0.4242788461538462 0.03125 0.03605769230769231
0 0.453125 0.43149038461538464 0.026442307692307696 0.03125
0 0.41466346153846156 0.44230769230769235 0.026442307692307696 0.03365384615384616
0 0.5492788461538461 0.4242788461538462 0.05528846153846154 0.06490384615384616
0 0.6141826923076923 0.3966346153846154 0.06009615384615385 0.08653846153846154
0 0.7091346153846154 0.4338942307692308 0.038461538461538464 0.06009615384615385
0 0.826923076923077 0.3930288461538462 0.08653846153846154 0.09855769230769232
0 0.905048076923077 0.3942307692307693 0.06971153846153846 0.08653846153846154