0 0.07897196261682243 0.4132996632996633 0.04018691588785047 0.08249158249158249
0 0.2588785046728972 0.25925925925925924 0.014953271028037384 0.0303030303030303
0 0.2794392523364486 0.2601010101010101 0.016822429906542057 0.03535353535353535
0 0.29345794392523367 0.2584175084175084 0.020560747663551402 0.03872053872053872
0 0.3233644859813084 0.21464646464646464 0.016822429906542057 0.03198653198653199
0 0.3457943925233645 0.21548821548821548 0.01869158878504673 0.0303030303030303
0 0.3322429906542056 0.24915824915824913 0.017757009345794394 0.037037037037037035
0 0.33738317757009345 0.27946127946127947 0.022429906542056077 0.04713804713804714
0 0.37009345794392523 0.20875420875420875 0.014953271028037384 0.0303030303030303
0 0.3855140186915888 0.19276094276094274 0.01588785046728972 0.025252525252525252
0 0.3869158878504673 0.22390572390572389 0.020560747663551402 0.03367003367003367
0 0.4074766355140187 0.23316498316498316 0.020560747663551402 0.03872053872053872
0 0.40373831775700936 0.28535353535353536 0.022429906542056077 0.05555555555555555
0 0.4060747663551402 0.16919191919191917 0.01588785046728972 0.03198653198653199
0 0.42336448598130844 0.18181818181818182 0.016822429906542057 0.026936026936026935
0 0.4439252336448598 0.186026936026936 0.020560747663551402 0.03535353535353535
0 0.4392523364485981 0.2281144781144781 0.01869158878504673 0.03872053872053872
0 0.46401869158878506 0.24494949494949494 0.02149532710280374 0.03535353535353535
0 0.4504672897196262 0.14562289562289563 0.014953271028037384 0.028619528619528618
0 0.4588785046728972 0.17003367003367004 0.014953271028037384 0.0303030303030303
0 0.47897196261682246 0.18434343434343434 0.01588785046728972 0.03198653198653199
0 0.4799065420560748 0.15993265993265993 0.017757009345794394 0.03367003367003367
0 0.4742990654205608 0.14646464646464646 0.01588785046728972 0.0303030303030303
0 0.48598130841121495 0.1313131313131313 0.013084112149532711 0.02356902356902357
0 0.4976635514018692 0.14646464646464646 0.01588785046728972 0.03367003367003367
0 0.5233644859813085 0.15235690235690236 0.016822429906542057 0.03198653198653199
0 0.5336448598130842 0.12878787878787878 0.014953271028037384 0.028619528619528618
0 0.555607476635514 0.1111111111111111 0.012149532710280374 0.02356902356902357
0 0.5616822429906543 0.14309764309764308 0.020560747663551402 0.03367003367003367
0 0.5406542056074767 0.1675084175084175 0.02149532710280374 0.03535353535353535
0 0.5042056074766356 0.20117845117845118 0.019626168224299065 0.04208754208754208
0 0.5271028037383177 0.21464646464646464 0.022429906542056077 0.04882154882154882
0 0.5827102803738318 0.12878787878787878 0.014018691588785047 0.03198653198653199
0 0.5813084112149532 0.15656565656565655 0.020560747663551402 0.0404040404040404
0 0.5929906542056075 0.09764309764309764 0.014018691588785047 0.026936026936026935
0 0.6098130841121495 0.10942760942760943 0.010280373831775701 0.026936026936026935
0 0.6130841121495327 0.14393939393939392 0.020560747663551402 0.04208754208754208
0 0.6233644859813084 0.09427609427609428 0.009345794392523366 0.026936026936026935
0 0.6378504672897196 0.10101010101010101 0.010280373831775701 0.0303030303030303
0 0.6457943925233645 0.1069023569023569 0.011214953271028038 0.025252525252525252
0 0.6686915887850468 0.117003367003367 0.012149532710280374 0.025252525252525252
0 0.6906542056074767 0.09175084175084175 0.013084112149532711 0.03198653198653199
0 0.733177570093458 0.117003367003367 0.014018691588785047 0.03198653198653199
0 0.75 0.10185185185185185 0.012149532710280374 0.025252525252525252
0 0.7799065420560748 0.10942760942760943 0.012149532710280374 0.0303030303030303
0 0.7682242990654206 0.12457912457912457 0.013084112149532711 0.0303030303030303
0 0.7967289719626168 0.13047138047138046 0.012149532710280374 0.03198653198653199
0 0.8098130841121496 0.1212121212121212 0.010280373831775701 0.026936026936026935
0 0.827570093457944 0.13047138047138046 0.017757009345794394 0.03872053872053872
0 0.8677570093457945 0.1212121212121212 0.014018691588785047 0.037037037037037035
0 0.8906542056074767 0.12373737373737373 0.013084112149532711 0.03198653198653199
0 0.9247663551401869 0.14898989898989898 0.012149532710280374 0.028619528619528618
0 0.7042056074766355 0.14225589225589225 0.014018691588785047 0.028619528619528618
0 0.6827102803738319 0.14898989898989898 0.01588785046728972 0.03198653198653199
0 0.7411214953271028 0.1388888888888889 0.016822429906542057 0.028619528619528618
0 0.6967289719626168 0.17508417508417506 0.01588785046728972 0.0303030303030303
0 0.6560747663551402 0.18181818181818182 0.016822429906542057 0.0404040404040404
0 0.6079439252336449 0.20033670033670034 0.023364485981308414 0.0404040404040404
0 0.5546728971962617 0.2365319865319865 0.023364485981308414 0.04882154882154882
0 0.48130841121495327 0.30892255892255893 0.026168224299065422 0.05218855218855219
0 0.5607476635514019 0.29124579124579125 0.024299065420560748 0.04713804713804714
0 0.5976635514018692 0.33164983164983164 0.02710280373831776 0.05387205387205387
0 0.6761682242990654 0.34764309764309764 0.02897196261682243 0.05892255892255892
0 0.6079439252336449 0.2676767676767677 0.02710280373831776 0.057239057239057235
0 0.6668224299065421 0.25252525252525254 0.02897196261682243 0.050505050505050504
0 0.8 0.16835016835016833 0.01869158878504673 0.04713804713804714
0 0.8107476635514019 0.15993265993265993 0.017757009345794394 0.03367003367003367
0 0.847196261682243 0.17087542087542087 0.01588785046728972 0.028619528619528618
0 0.8654205607476636 0.1574074074074074 0.013084112149532711 0.028619528619528618
0 0.9200934579439253 0.1893939393939394 0.019626168224299065 0.03872053872053872
0 0.8953271028037384 0.17929292929292928 0.020560747663551402 0.03198653198653199
0 0.8813084112149533 0.1978114478114478 0.016822429906542057 0.03198653198653199
0 0.8635514018691589 0.22390572390572389 0.020560747663551402 0.04713804713804714
0 0.9196261682242991 0.28114478114478114 0.024299065420560748 0.05387205387205387
0 0.7542056074766356 0.17592592592592593 0.01869158878504673 0.028619528619528618
0 0.7168224299065421 0.16666666666666666 0.01869158878504673 0.0303030303030303
0 0.7350467289719627 0.20454545454545453 0.02149532710280374 0.03535353535353535
0 0.7565420560747664 0.22474747474747475 0.02149532710280374 0.05892255892255892
0 0.7060747663551402 0.218013468013468 0.023364485981308414 0.05218855218855219
0 0.7065420560747664 0.2962962962962963 0.03177570093457944 0.043771043771043766
0 0.7780373831775701 0.2904040404040404 0.023364485981308414 0.05555555555555555