0 0.12162162162162163 0.5600578871201157 0.04054054054054054 0.0752532561505065
0 0.8369932432432433 0.5209840810419681 0.028716216216216218 0.0752532561505065
0 0.7212837837837838 0.5253256150506512 0.04054054054054054 0.0752532561505065
0 0.5532094594594595 0.4305354558610709 0.02195945945945946 0.04486251808972503
0 0.6034628378378378 0.4667149059334298 0.03293918918918919 0.06512301013024602
0 0.6516047297297297 0.48408104196816204 0.03800675675675676 0.07959479015918958
0 0.9586148648648649 0.2850940665701881 0.015202702702702704 0.03183791606367583
0 0.8982263513513514 0.26700434153400865 0.01266891891891892 0.03328509406657019
0 0.859375 0.26338639652677276 0.0160472972972973 0.026049204052098405
0 0.8264358108108109 0.2532561505065123 0.01266891891891892 0.03183791606367583
0 0.7977195945945946 0.24674384949348768 0.0160472972972973 0.030390738060781474
0 0.7605574324324325 0.24384949348769897 0.014358108108108109 0.030390738060781474
0 0.6879222972972974 0.2192474674384949 0.01097972972972973 0.02460202604920405
0 0.6114864864864865 0.21562952243125902 0.010135135135135136 0.026049204052098405
0 0.5654560810810811 0.23516642547033284 0.01097972972972973 0.03328509406657019
0 0.5793918918918919 0.23154848046309695 0.013513513513513514 0.026049204052098405
0 0.6414695945945946 0.22141823444283645 0.01266891891891892 0.026049204052098405
0 0.6507601351351352 0.23444283646888567 0.017736486486486486 0.02894356005788712
0 0.7191722972972974 0.26049204052098407 0.01942567567567568 0.03183791606367583
0 0.7466216216216217 0.2619392185238784 0.013513513513513514 0.03473227206946454
0 0.6537162162162162 0.26700434153400865 0.016891891891891893 0.030390738060781474
0 0.5941722972972974 0.2460202604920405 0.014358108108108109 0.026049204052098405
0 0.7994087837837839 0.2973950795947901 0.0160472972972973 0.04196816208393632
0 0.8310810810810811 0.3133140376266281 0.02195945945945946 0.03907380607814761
0 0.8614864864864865 0.3306801736613603 0.015202702702702704 0.04196816208393632
0 0.8889358108108109 0.34876989869753977 0.01266891891891892 0.04052098408104197
0 0.8813344594594595 0.28075253256150506 0.014358108108108109 0.026049204052098405
0 0.9125844594594595 0.288712011577424 0.017736486486486486 0.03907380607814761
0 0.9054054054054055 0.3306801736613603 0.018581081081081082 0.04486251808972503
0 0.9332770270270271 0.3422575976845152 0.016891891891891893 0.030390738060781474
0 0.9527027027027027 0.32272069464544134 0.015202702702702704 0.03183791606367583
0 0.9324324324324325 0.31186685962373367 0.02027027027027027 0.0361794500723589
0 0.9518581081081081 0.3704775687409551 0.018581081081081082 0.03762662807525325
0 0.7090371621621622 0.308972503617945 0.021114864864864864 0.03907380607814761
0 0.6815878378378378 0.3046309696092619 0.015202702702702704 0.0361794500723589
0 0.6490709459459459 0.3125904486251809 0.02787162162162162 0.03762662807525325
0 0.5929054054054055 0.28364688856729375 0.016891891891891893 0.02894356005788712
0 0.6178209459459459 0.2583212735166425 0.014358108108108109 0.027496382054992764
0 0.5168918918918919 0.27134587554269174 0.011824324324324325 0.02460202604920405
0 0.4738175675675676 0.25036179450072354 0.02027027027027027 0.026049204052098405
0 0.5548986486486487 0.25976845151953687 0.018581081081081082 0.03328509406657019
0 0.5540540540540541 0.29594790159189577 0.018581081081081082 0.03328509406657019
0 0.39822635135135137 0.2691751085383502 0.014358108108108109 0.03473227206946454
0 0.43327702702702703 0.27134587554269174 0.015202702702702704 0.02460202604920405
0 0.4695945945945946 0.2894356005788712 0.018581081081081082 0.026049204052098405
0 0.48226351351351354 0.32054992764109985 0.02364864864864865 0.027496382054992764
0 0.5177364864864865 0.333574529667149 0.02027027027027027 0.030390738060781474
0 0.3581081081081081 0.3053545586107091 0.02195945945945946 0.026049204052098405
0 0.28842905405405406 0.31982633863965265 0.01942567567567568 0.026049204052098405
0 0.22972972972972974 0.34804630969609257 0.018581081081081082 0.030390738060781474
0 0.26478040540540543 0.35528219971056435 0.01942567567567568 0.04196816208393632
0 0.33783783783783783 0.3654124457308249 0.02702702702702703 0.05643994211287988
0 0.4130067567567568 0.3451519536903039 0.02195945945945946 0.04775687409551375
0 0.44805743243243246 0.3473227206946454 0.01942567567567568 0.04052098408104197
0 0.5515202702702703 0.37264833574529665 0.02195945945945946 0.04196816208393632
0 0.4869087837837838 0.4182344428364689 0.026182432432432436 0.0492040520984081
0 0.6089527027027027 0.39290882778581765 0.02702702702702703 0.05065123010130246
0 0.6106418918918919 0.341534008683068 0.02364864864864865 0.03473227206946454
0 0.6625844594594595 0.3835021707670043 0.02787162162162162 0.04052098408104197
0 0.7018581081081081 0.37988422575976843 0.02027027027027027 0.0361794500723589
0 0.7381756756756758 0.41244573082489144 0.028716216216216218 0.0492040520984081
0 0.8023648648648649 0.4421128798842257 0.030405405405405407 0.06222865412445731
0 0.8289695945945946 0.37264833574529665 0.029560810810810814 0.04775687409551375
0 0.8762668918918919 0.40448625180897246 0.02787162162162162 0.06512301013024602
0 0.941722972972973 0.47684515195369026 0.030405405405405407 0.06222865412445731
0 0.4117398648648649 0.3140376266280752 0.024493243243243243 0.04341534008683068
0 0.42778716216216217 0.3082489146164978 0.021114864864864864 0.04052098408104197
0 0.5329391891891893 0.29160636758321273 0.02533783783783784 0.04775687409551375
0 0.6875 0.24240231548480462 0.016891891891891893 0.030390738060781474
0 0.35726351351351354 0.3451519536903039 0.016891891891891893 0.04196816208393632
0 0.5304054054054055 0.26338639652677276 0.016891891891891893 0.03183791606367583