1 0.30481927710843376 0.5745192307692308 0.04096385542168675 0.04807692307692308
1 0.3987951807228916 0.6033653846153847 0.055421686746987955 0.0625
1 0.44337349397590364 0.5853365384615385 0.03855421686746988 0.05048076923076923
1 0.4626506024096386 0.5192307692307693 0.028915662650602414 0.02403846153846154
1 0.6120481927710844 0.44591346153846156 0.06265060240963856 0.06009615384615385
1 0.6795180722891567 0.4495192307692308 0.04337349397590362 0.04807692307692308
1 0.8240963855421688 0.5024038461538461 0.07710843373493977 0.10096153846153846
1 0.919277108433735 0.5072115384615384 0.06506024096385543 0.10576923076923078
0 0.7349397590361446 0.4411057692307693 0.024096385542168676 0.03125
0 0.7578313253012049 0.5240384615384616 0.10361445783132531 0.13942307692307693
0 0.9638554216867471 0.515625 0.06746987951807229 0.11778846153846155