1 0.4444444444444444 0.41000000000000003 0.09523809523809523 0.17
1 0.37142857142857144 0.3925 0.050793650793650794 0.085
1 0.2920634920634921 0.4025 0.06349206349206349 0.095
1 0.6492063492063492 0.405 0.047619047619047616 0.09
1 0.7841269841269841 0.3925 0.0761904761904762 0.145
0 0.5682539682539682 0.46 0.05714285714285714 0.12
0 0.05396825396825397 0.42 0.0761904761904762 0.13
0 0.5222222222222223 0.43 0.03492063492063492 0.06
0 0.873015873015873 0.405 0.025396825396825397 0.06
0 0.7126984126984127 0.3625 0.09841269841269841 0.225
0 0.5904761904761905 0.4225 0.0380952380952381 0.075