1 0.026442307692307696 0.33975903614457836 0.05288461538461539 0.07228915662650603
1 0.17067307692307693 0.30481927710843376 0.07211538461538462 0.10361445783132531
1 0.25480769230769235 0.31927710843373497 0.0625 0.0891566265060241
1 0.3449519230769231 0.31927710843373497 0.06971153846153846 0.0891566265060241
1 0.44230769230769235 0.32650602409638557 0.0625 0.0891566265060241
1 0.5216346153846154 0.33253012048192776 0.07692307692307693 0.10602409638554218
1 0.6057692307692308 0.3168674698795181 0.07211538461538462 0.09397590361445785
1 0.748798076923077 0.30120481927710846 0.06490384615384616 0.09156626506024097
1 0.8329326923076924 0.32530120481927716 0.12259615384615385 0.12048192771084339
1 0.9759615384615385 0.3855421686746988 0.038461538461538464 0.05301204819277109
1 0.6045673076923077 0.027710843373493978 0.06490384615384616 0.055421686746987955
1 0.7548076923076924 0.03734939759036145 0.07692307692307693 0.0746987951807229
1 0.3425480769230769 0.024096385542168676 0.06971153846153846 0.04819277108433735
1 0.16947115384615385 0.03734939759036145 0.07932692307692309 0.0746987951807229
1 0.25 0.022891566265060243 0.057692307692307696 0.045783132530120486