1 0.13178571428571428 0.3742857142857143 0.08642857142857142 0.18571428571428572
1 0.05 0.3692857142857143 0.03571428571428571 0.10142857142857142
1 0.17892857142857144 0.3842857142857143 0.035 0.10285714285714286
1 0.27964285714285714 0.3792857142857143 0.04071428571428572 0.10142857142857142
1 0.3775 0.3692857142857143 0.04214285714285714 0.09571428571428571
1 0.4542857142857143 0.3464285714285714 0.037142857142857144 0.09571428571428571
1 0.5089285714285714 0.3578571428571429 0.04214285714285714 0.10428571428571429
1 0.5796428571428571 0.3392857142857143 0.04071428571428572 0.08714285714285715
1 0.6110714285714286 0.30642857142857144 0.023571428571428573 0.06428571428571428
1 0.6421428571428571 0.3807142857142857 0.08428571428571428 0.2042857142857143
1 0.6825 0.3442857142857143 0.04357142857142857 0.12571428571428572
1 0.7092857142857143 0.3292857142857143 0.032857142857142856 0.10142857142857142
1 0.7817857142857143 0.3142857142857143 0.06357142857142857 0.13428571428571429
1 0.8467857142857143 0.31857142857142856 0.047857142857142855 0.12571428571428572
1 0.8882142857142857 0.32071428571428573 0.03785714285714286 0.11
1 0.9678571428571429 0.335 0.06285714285714286 0.16428571428571428