1 0.21634615384615385 0.3843373493975904 0.05288461538461539 0.055421686746987955
1 0.4963942307692308 0.4168674698795181 0.11778846153846155 0.12048192771084339
1 0.5540865384615385 0.3313253012048193 0.040865384615384616 0.045783132530120486
1 0.5661057692307693 0.2457831325301205 0.06490384615384616 0.07228915662650603
1 0.5685096153846154 0.07710843373493977 0.06971153846153846 0.0819277108433735
1 0.7163461538461539 0.04337349397590362 0.02403846153846154 0.04819277108433735
1 0.7151442307692308 0.28674698795180725 0.03125 0.03855421686746988
1 0.8076923076923077 0.27951807228915665 0.04807692307692308 0.07228915662650603
1 0.8689903846153847 0.28192771084337354 0.06490384615384616 0.09156626506024097
1 0.967548076923077 0.27228915662650605 0.05528846153846154 0.06746987951807229
1 0.9699519230769231 0.055421686746987955 0.04567307692307693 0.07710843373493977
1 0.8701923076923077 0.04819277108433735 0.06730769230769232 0.0963855421686747
1 0.8125 0.045783132530120486 0.04326923076923077 0.07228915662650603