1 0.07636363636363637 0.5601092896174863 0.06545454545454546 0.1092896174863388
1 0.5390909090909091 0.5300546448087432 0.06 0.09289617486338798
1 0.7509090909090909 0.35655737704918034 0.02909090909090909 0.05191256830601093
1 0.8154545454545454 0.3674863387978142 0.023636363636363636 0.040983606557377046
1 0.6245454545454545 0.4890710382513661 0.05272727272727273 0.09836065573770492
0 0.45636363636363636 0.639344262295082 0.06181818181818182 0.1092896174863388
0 0.6209090909090909 0.5956284153005464 0.06 0.1092896174863388
0 0.6954545454545454 0.5109289617486339 0.05272727272727273 0.08743169398907104
0 0.7763636363636364 0.5628415300546448 0.04363636363636364 0.09289617486338798
0 0.8818181818181818 0.6133879781420765 0.06909090909090909 0.10655737704918032
0 0.9163636363636364 0.5409836065573771 0.06545454545454546 0.09836065573770492
0 0.9827272727272727 0.4576502732240437 0.03090909090909091 0.07923497267759563
0 0.6945454545454546 0.4521857923497268 0.04 0.05191256830601093
0 0.7436363636363637 0.4521857923497268 0.02909090909090909 0.05737704918032787
0 0.7909090909090909 0.41530054644808745 0.03636363636363636 0.04918032786885246
0 0.30818181818181817 0.6010928961748634 0.07090909090909091 0.13114754098360656
0 0.15636363636363637 0.6325136612021858 0.06181818181818182 0.11202185792349727
0 0.3527272727272727 0.5792349726775956 0.04363636363636364 0.08196721311475409
0 0.4636363636363636 0.523224043715847 0.04 0.09562841530054644
0 0.43727272727272726 0.4822404371584699 0.038181818181818185 0.06830601092896176
0 0.49727272727272726 0.44672131147540983 0.02727272727272727 0.040983606557377046