1 0.12139423076923078 0.4096385542168675 0.05048076923076923 0.06746987951807229
1 0.1670673076923077 0.45421686746987955 0.03125 0.04096385542168675
1 0.2608173076923077 0.4313253012048193 0.03125 0.04819277108433735
1 0.2872596153846154 0.4349397590361446 0.021634615384615384 0.050602409638554224
1 0.3245192307692308 0.43253012048192774 0.05288461538461539 0.06506024096385543
1 0.4074519230769231 0.43975903614457834 0.040865384615384616 0.050602409638554224
1 0.46153846153846156 0.43253012048192774 0.038461538461538464 0.055421686746987955
1 0.5877403846153847 0.42891566265060244 0.026442307692307696 0.04337349397590362
1 0.6033653846153847 0.4385542168674699 0.03365384615384616 0.04819277108433735
1 0.7608173076923077 0.4265060240963856 0.05048076923076923 0.06265060240963856
1 0.9266826923076924 0.4421686746987952 0.04567307692307693 0.050602409638554224