1 0.14272727272727273 0.5149863760217983 0.08181818181818182 0.15258855585831063
1 0.21 0.6185286103542235 0.06 0.09264305177111716
1 0.22818181818181818 0.5735694822888283 0.06 0.10081743869209808
1 0.43272727272727274 0.5722070844686649 0.06181818181818182 0.11989100817438691
1 0.4772727272727273 0.5926430517711171 0.045454545454545456 0.10081743869209808
1 0.5372727272727272 0.5722070844686649 0.06 0.11444141689373297
1 0.7790909090909091 0.6021798365122616 0.04181818181818182 0.09809264305177111
1 0.8409090909090909 0.6348773841961852 0.04181818181818182 0.08719346049046321
1 0.9718181818181818 0.6294277929155313 0.038181818181818185 0.08174386920980926
1 0.7509090909090909 0.6267029972752043 0.02909090909090909 0.0653950953678474
1 0.8072727272727273 0.611716621253406 0.025454545454545455 0.051771117166212535
1 0.056363636363636366 0.5640326975476839 0.025454545454545455 0.049046321525885554
1 0.024545454545454544 0.5762942779291553 0.023636363636363636 0.04632152588555858
1 0.004545454545454545 0.5749318801089918 0.00909090909090909 0.0326975476839237
1 0.39 0.5953678474114441 0.03090909090909091 0.05722070844686648
0 0.3518181818181818 0.5108991825613078 0.06727272727272728 0.10626702997275204