0 0.021634615384615384 0.555421686746988 0.02403846153846154 0.03132530120481928
1 0.1466346153846154 0.527710843373494 0.038461538461538464 0.04819277108433735
1 0.24278846153846156 0.5228915662650603 0.03365384615384616 0.04337349397590362
1 0.33052884615384615 0.5253012048192771 0.03125 0.05301204819277109
1 0.4170673076923077 0.5216867469879518 0.03605769230769231 0.050602409638554224
1 0.5240384615384616 0.519277108433735 0.014423076923076924 0.03132530120481928
1 0.4963942307692308 0.5204819277108435 0.03605769230769231 0.04819277108433735
1 0.578125 0.5036144578313253 0.03125 0.04819277108433735
1 0.6586538461538461 0.5204819277108435 0.03365384615384616 0.05301204819277109
1 0.7391826923076924 0.5072289156626506 0.03605769230769231 0.050602409638554224
1 0.8221153846153847 0.5 0.038461538461538464 0.050602409638554224