1 0.055714285714285716 0.5417536534446764 0.037142857142857144 0.06471816283924843
1 0.13714285714285715 0.5730688935281837 0.04 0.06889352818371607
1 0.42428571428571427 0.5469728601252609 0.04 0.06263048016701461
1 0.495 0.5490605427974947 0.03571428571428571 0.050104384133611686
1 0.5821428571428572 0.5323590814196242 0.03571428571428571 0.04175365344467641
1 0.6435714285714286 0.5323590814196242 0.03857142857142857 0.06263048016701461
1 0.7071428571428572 0.5323590814196242 0.04 0.058455114822546964
0 0.47214285714285714 0.5824634655532358 0.047142857142857146 0.07098121085594988
0 0.385 0.558455114822547 0.047142857142857146 0.06471816283924843
0 0.36142857142857143 0.5396659707724425 0.03142857142857143 0.04801670146137787
0 0.3357142857142857 0.5511482254697285 0.022857142857142857 0.050104384133611686
0 0.3107142857142857 0.558455114822547 0.032857142857142856 0.056367432150313146
0 0.22785714285714287 0.5657620041753653 0.03 0.050104384133611686
0 0.22214285714285714 0.5281837160751566 0.027142857142857142 0.04175365344467641
0 0.1742857142857143 0.5782881002087682 0.03142857142857143 0.045929018789144044
0 0.9664285714285714 0.5240083507306889 0.027142857142857142 0.050104384133611686
0 0.5907142857142857 0.5720250521920668 0.03857142857142857 0.058455114822546964