0 0.9778121775025799 0.2974217311233886 0.029927760577915373 0.0718232044198895
0 0.9752321981424148 0.22467771639042358 0.024767801857585137 0.06261510128913444
0 0.8544891640866873 0.2974217311233886 0.028895768833849325 0.06813996316758748
0 0.8467492260061918 0.2513812154696133 0.0196078431372549 0.03130755064456722
0 0.8550051599587203 0.2099447513812155 0.01547987616099071 0.03314917127071823
0 0.8255933952528379 0.22007366482504606 0.02063983488132095 0.0423572744014733
0 0.8008255933952527 0.24033149171270718 0.018575851393188854 0.04972375690607735
0 0.7203302373581011 0.26703499079189685 0.02063983488132095 0.04419889502762431
0 0.6238390092879257 0.10773480662983426 0.017543859649122806 0.034990791896869246
0 0.5763673890608875 0.1151012891344383 0.017543859649122806 0.03130755064456722
0 0.6150670794633643 0.15101289134438306 0.02063983488132095 0.02578268876611418
0 0.6733746130030959 0.19060773480662985 0.021671826625386994 0.034990791896869246
0 0.4313725490196078 0.22191528545119707 0.016511867905056758 0.034990791896869246
0 0.4685242518059855 0.22283609576427257 0.02063983488132095 0.03683241252302026