0 0.9098557692307693 0.3822115384615385 0.09375 0.10096153846153846
0 0.8377403846153847 0.3822115384615385 0.05528846153846154 0.08173076923076923
0 0.7572115384615385 0.40024038461538464 0.06730769230769232 0.08413461538461539
0 0.5012019230769231 0.38822115384615385 0.0889423076923077 0.09855769230769232
0 0.3233173076923077 0.3774038461538462 0.09375 0.11057692307692309
0 0.2572115384615385 0.3870192307692308 0.04326923076923077 0.057692307692307696
0 0.14302884615384617 0.3930288461538462 0.06971153846153846 0.0889423076923077
0 0.14302884615384617 0.04807692307692308 0.06971153846153846 0.08653846153846154
0 0.2560096153846154 0.04807692307692308 0.05048076923076923 0.06730769230769232
0 0.3245192307692308 0.06129807692307693 0.09134615384615385 0.10817307692307693
0 0.5024038461538461 0.05048076923076923 0.08653846153846154 0.09615384615384616
0 0.7560096153846154 0.040865384615384616 0.07451923076923077 0.08173076923076923
0 0.8377403846153847 0.05288461538461539 0.06009615384615385 0.08173076923076923
0 0.9098557692307693 0.057692307692307696 0.0889423076923077 0.10096153846153846