1 0.8052884615384616 0.33614457831325306 0.09134615384615385 0.09879518072289158
1 0.6117788461538461 0.4036144578313253 0.04567307692307693 0.055421686746987955
1 0.5252403846153847 0.3879518072289157 0.040865384615384616 0.05783132530120483
1 0.453125 0.3807228915662651 0.04567307692307693 0.05783132530120483
1 0.3774038461538462 0.4 0.04807692307692308 0.04819277108433735
1 0.3545673076923077 0.3614457831325302 0.03125 0.04819277108433735
1 0.2956730769230769 0.3771084337349398 0.057692307692307696 0.0746987951807229
1 0.22716346153846156 0.3686746987951808 0.04567307692307693 0.06265060240963856
1 0.14783653846153846 0.363855421686747 0.06971153846153846 0.07228915662650603
1 0.11418269230769232 0.3722891566265061 0.03605769230769231 0.050602409638554224
1 0.15865384615384617 0.07710843373493977 0.04807692307692308 0.07228915662650603
1 0.11538461538461539 0.08313253012048194 0.04326923076923077 0.06024096385542169
1 0.22716346153846156 0.07228915662650603 0.05528846153846154 0.07228915662650603
1 0.2932692307692308 0.06626506024096386 0.07211538461538462 0.0746987951807229
1 0.3870192307692308 0.045783132530120486 0.05288461538461539 0.06746987951807229
1 0.3509615384615385 0.07590361445783134 0.038461538461538464 0.045783132530120486
1 0.46274038461538464 0.055421686746987955 0.05528846153846154 0.06265060240963856
1 0.5288461538461539 0.051807228915662654 0.04807692307692308 0.06024096385542169
1 0.6165865384615385 0.03614457831325302 0.04567307692307693 0.06265060240963856
1 0.8088942307692308 0.10481927710843375 0.09855769230769232 0.10361445783132531