1 0.6833333333333333 0.62875 0.07333333333333333 0.10250000000000001
1 0.7083333333333334 0.40625 0.04 0.0775
1 0.4266666666666667 0.5625 0.05 0.085
1 0.4575 0.44375000000000003 0.04166666666666667 0.0625
1 0.48000000000000004 0.43125 0.030000000000000002 0.0625
1 0.5433333333333333 0.4225 0.030000000000000002 0.06
1 0.8008333333333334 0.405 0.035 0.065
1 0.8408333333333334 0.3975 0.03833333333333334 0.065
1 0.9616666666666668 0.405 0.03333333333333333 0.07
1 0.31083333333333335 0.39125 0.06166666666666667 0.1075
1 0.6000000000000001 0.34375 0.05666666666666667 0.1125
1 0.3541666666666667 0.4625 0.03166666666666667 0.065
1 0.3925 0.4325 0.035 0.07
1 0.22166666666666668 0.3075 0.07333333333333333 0.125
1 0.11916666666666667 0.3825 0.04833333333333334 0.075
1 0.013333333333333334 0.465 0.02666666666666667 0.06
1 0.01 0.3675 0.02 0.075