1 0.15384615384615385 0.4843373493975904 0.0625 0.07228915662650603
0 0.3401442307692308 0.48915662650602415 0.05048076923076923 0.05301204819277109
0 0.3918269230769231 0.46506024096385545 0.038461538461538464 0.04337349397590362
0 0.46153846153846156 0.46746987951807234 0.04326923076923077 0.03855421686746988
1 0.5420673076923077 0.5240963855421688 0.06971153846153846 0.0746987951807229
0 0.48918269230769235 0.4337349397590362 0.026442307692307696 0.024096385542168676
0 0.5372596153846154 0.4337349397590362 0.026442307692307696 0.028915662650602414
0 0.639423076923077 0.47951807228915666 0.04807692307692308 0.05783132530120483
0 0.6069711538461539 0.4301204819277109 0.021634615384615384 0.03132530120481928
0 0.6814903846153847 0.4951807228915663 0.03605769230769231 0.050602409638554224
1 0.7415865384615385 0.46746987951807234 0.04567307692307693 0.03855421686746988
0 0.6442307692307693 0.4108433734939759 0.028846153846153848 0.026506024096385545
0 0.670673076923077 0.4168674698795181 0.02403846153846154 0.033734939759036145