1 0.10336538461538462 0.3650602409638555 0.125 0.11807228915662651
1 0.20072115384615385 0.3686746987951808 0.06971153846153846 0.07710843373493977
1 0.42307692307692313 0.3385542168674699 0.07211538461538462 0.0891566265060241
1 0.5360576923076923 0.3674698795180723 0.05288461538461539 0.0746987951807229
1 0.5817307692307693 0.3807228915662651 0.038461538461538464 0.05301204819277109
1 0.625 0.3927710843373494 0.02403846153846154 0.033734939759036145
1 0.6610576923076923 0.3819277108433735 0.05288461538461539 0.06506024096385543
1 0.7391826923076924 0.3783132530120482 0.07451923076923077 0.0819277108433735
1 0.8052884615384616 0.3710843373493976 0.057692307692307696 0.06265060240963856
1 0.8689903846153847 0.3710843373493976 0.12259615384615385 0.10120481927710845
1 0.9699519230769231 0.3530120481927711 0.05528846153846154 0.09879518072289158