1 0.889423076923077 0.3161057692307693 0.08173076923076923 0.11778846153846155
1 0.8185096153846154 0.31490384615384615 0.040865384615384616 0.04807692307692308
1 0.7091346153846154 0.29447115384615385 0.125 0.16105769230769232
1 0.10817307692307693 0.040865384615384616 0.09615384615384616 0.08173076923076923
1 0.4086538461538462 0.04326923076923077 0.07692307692307693 0.08653846153846154
1 0.019230769230769232 0.3125 0.03365384615384616 0.11057692307692309
1 0.09855769230769232 0.2764423076923077 0.08653846153846154 0.10096153846153846
1 0.2824519230769231 0.2980769230769231 0.040865384615384616 0.07211538461538462
1 0.21033653846153846 0.32572115384615385 0.13701923076923078 0.1514423076923077
1 0.3497596153846154 0.2980769230769231 0.09375 0.11538461538461539
1 0.41105769230769235 0.2644230769230769 0.06730769230769232 0.11538461538461539
1 0.47716346153846156 0.2980769230769231 0.06971153846153846 0.10576923076923078
1 0.514423076923077 0.30649038461538464 0.038461538461538464 0.07451923076923077
1 0.5444711538461539 0.32572115384615385 0.03125 0.06490384615384616
1 0.59375 0.3125 0.04807692307692308 0.0625
1 0.6177884615384616 0.3245192307692308 0.03365384615384616 0.057692307692307696
1 0.6418269230769231 0.3245192307692308 0.02403846153846154 0.057692307692307696