0 0.203125 0.5 0.08413461538461539 0.11057692307692309
0 0.26322115384615385 0.44230769230769235 0.07451923076923077 0.09134615384615385
0 0.4098557692307693 0.43509615384615385 0.06009615384615385 0.09134615384615385
0 0.5649038461538461 0.4639423076923077 0.07211538461538462 0.09134615384615385
0 0.7067307692307693 0.45072115384615385 0.09134615384615385 0.14182692307692307
0 0.7716346153846154 0.4435096153846154 0.05288461538461539 0.10336538461538462
0 0.9651442307692308 0.4723557692307693 0.06490384615384616 0.10817307692307693
0 0.013221153846153848 0.45432692307692313 0.026442307692307696 0.0625
0 0.05288461538461539 0.4278846153846154 0.04326923076923077 0.038461538461538464
0 0.3112980769230769 0.44711538461538464 0.01682692307692308 0.02403846153846154
0 0.3473557692307693 0.45072115384615385 0.021634615384615384 0.026442307692307696