0 0.05874190564292322 0.42351973684210525 0.037927844588344126 0.09046052631578946
0 0.08695652173913043 0.4317434210526316 0.0481036077705828 0.09375
0 0.314986123959297 0.21052631578947367 0.01942645698427382 0.02631578947368421
0 0.3464384828862165 0.24095394736842105 0.01757631822386679 0.03125
0 0.3829787234042553 0.22121710526315788 0.020351526364477335 0.044407894736842105
0 0.3982423681776133 0.1924342105263158 0.01572617946345976 0.03289473684210526
0 0.4629972247918594 0.17105263157894735 0.02127659574468085 0.042763157894736836
0 0.4958371877890842 0.09046052631578946 0.009250693802035153 0.023026315789473683
0 0.5235892691951897 0.24917763157894735 0.02960222016651249 0.05427631578947368
0 0.5656799259944496 0.14720394736842105 0.024976873265494914 0.041118421052631575
0 0.5855689176688252 0.1800986842105263 0.0240518038852914 0.04769736842105263
0 0.6012950971322849 0.13157894736842105 0.02220166512488437 0.039473684210526314
0 0.6304347826086957 0.19736842105263158 0.024976873265494914 0.046052631578947366
0 0.5864939870490287 0.30509868421052627 0.03330249768732655 0.05756578947368421
0 0.6433857539315448 0.1282894736842105 0.01757631822386679 0.046052631578947366
0 0.6554116558741906 0.13980263157894737 0.01757631822386679 0.049342105263157895
0 0.681313598519889 0.13486842105263158 0.01942645698427382 0.042763157894736836