1 0.4411057692307693 0.2168674698795181 0.06971153846153846 0.10120481927710845
1 0.6225961538461539 0.28433734939759037 0.057692307692307696 0.0819277108433735
1 0.7163461538461539 0.3445783132530121 0.08653846153846154 0.10602409638554218
1 0.7548076923076924 0.5012048192771085 0.23076923076923078 0.419277108433735
1 0.8149038461538461 0.27590361445783135 0.0625 0.07951807228915664
1 0.44230769230769235 0.0891566265060241 0.07211538461538462 0.10120481927710845
1 0.6201923076923077 0.033734939759036145 0.05288461538461539 0.06746987951807229
1 0.8076923076923077 0.03493975903614458 0.07692307692307693 0.06987951807228916
0 0.12860576923076925 0.0819277108433735 0.05528846153846154 0.06746987951807229
0 0.04807692307692308 0.042168674698795185 0.04326923076923077 0.04096385542168675
0 0.24639423076923078 0.01807228915662651 0.040865384615384616 0.03614457831325302
0 0.2872596153846154 0.030120481927710847 0.04567307692307693 0.050602409638554224
0 0.3401442307692308 0.30361445783132535 0.03125 0.04819277108433735
0 0.27884615384615385 0.27349397590361446 0.03365384615384616 0.045783132530120486
0 0.24639423076923078 0.29759036144578316 0.040865384615384616 0.06024096385542169
0 0.1826923076923077 0.32650602409638557 0.02403846153846154 0.03614457831325302
0 0.12860576923076925 0.22289156626506026 0.06490384615384616 0.07951807228915664