0 0.842548076923077 0.3819277108433735 0.026442307692307696 0.026506024096385545
0 0.8185096153846154 0.3807228915662651 0.026442307692307696 0.024096385542168676
0 0.6935096153846154 0.4084337349397591 0.03125 0.03132530120481928
0 0.592548076923077 0.4060240963855422 0.026442307692307696 0.026506024096385545
0 0.5576923076923077 0.4084337349397591 0.02403846153846154 0.03132530120481928
0 0.5264423076923077 0.3951807228915663 0.028846153846153848 0.03855421686746988
0 0.46634615384615385 0.3987951807228916 0.02403846153846154 0.026506024096385545
0 0.43509615384615385 0.3867469879518073 0.028846153846153848 0.04096385542168675
0 0.35336538461538464 0.3951807228915663 0.02403846153846154 0.03855421686746988
0 0.33052884615384615 0.3963855421686747 0.040865384615384616 0.045783132530120486
0 0.22836538461538464 0.3783132530120482 0.03365384615384616 0.05301204819277109
0 0.14302884615384617 0.4084337349397591 0.03125 0.026506024096385545
0 0.11057692307692309 0.4108433734939759 0.028846153846153848 0.03614457831325302
0 0.07692307692307693 0.3807228915662651 0.05288461538461539 0.06265060240963856
0 0.00841346153846154 0.4036144578313253 0.01682692307692308 0.03132530120481928
0 0.00841346153846154 0.042168674698795185 0.01682692307692308 0.026506024096385545
0 0.08052884615384616 0.07349397590361446 0.06009615384615385 0.055421686746987955
0 0.10576923076923078 0.042168674698795185 0.02403846153846154 0.03614457831325302
0 0.1466346153846154 0.04096385542168675 0.028846153846153848 0.04337349397590362
0 0.234375 0.07108433734939759 0.040865384615384616 0.04096385542168675
0 0.32091346153846156 0.054216867469879526 0.03605769230769231 0.04096385542168675
0 0.3545673076923077 0.05301204819277109 0.026442307692307696 0.03855421686746988
0 0.4399038461538462 0.06144578313253012 0.038461538461538464 0.03614457831325302
0 0.46634615384615385 0.050602409638554224 0.028846153846153848 0.03855421686746988
0 0.530048076923077 0.054216867469879526 0.03125 0.03614457831325302
0 0.5637019230769231 0.042168674698795185 0.03125 0.045783132530120486
0 0.5961538461538461 0.04457831325301205 0.03365384615384616 0.04096385542168675
0 0.6971153846153847 0.04096385542168675 0.03365384615384616 0.033734939759036145
0 0.8473557692307693 0.06746987951807229 0.026442307692307696 0.028915662650602414
0 0.8209134615384616 0.06746987951807229 0.026442307692307696 0.028915662650602414
1 0.2620192307692308 0.3891566265060241 0.028846153846153848 0.045783132530120486
1 0.26802884615384615 0.05783132530120483 0.021634615384615384 0.03855421686746988