1 0.06490384615384616 0.5795180722891566 0.02403846153846154 0.02168674698795181
1 0.10817307692307693 0.41807228915662653 0.04807692307692308 0.06024096385542169
1 0.3040865384615385 0.5626506024096386 0.01201923076923077 0.02168674698795181
1 0.34615384615384615 0.4385542168674699 0.04326923076923077 0.03855421686746988
1 0.37980769230769235 0.4168674698795181 0.014423076923076924 0.014457831325301207
1 0.45072115384615385 0.5518072289156627 0.01201923076923077 0.014457831325301207
1 0.5997596153846154 0.6048192771084338 0.026442307692307696 0.024096385542168676
1 0.6622596153846154 0.6337349397590362 0.01682692307692308 0.01927710843373494
1 0.6694711538461539 0.5674698795180724 0.026442307692307696 0.016867469879518072
1 0.7764423076923077 0.5590361445783133 0.014423076923076924 0.014457831325301207
1 0.8076923076923077 0.5710843373493977 0.019230769230769232 0.024096385542168676
1 0.9435096153846154 0.6421686746987952 0.026442307692307696 0.03132530120481928