1 0.057031250000000006 0.7988372093023256 0.11406250000000001 0.21627906976744185
1 0.12890625 0.6581395348837209 0.045312500000000006 0.08372093023255814
1 0.21796875000000002 0.622093023255814 0.0328125 0.053488372093023255
1 0.22734375 0.6813953488372093 0.0578125 0.11627906976744186
1 0.3015625 0.6802325581395349 0.07500000000000001 0.10930232558139535
1 0.0703125 0.5441860465116279 0.018750000000000003 0.03255813953488372
1 0.415625 0.6569767441860465 0.053125000000000006 0.10465116279069767
1 0.47187500000000004 0.7011627906976744 0.065625 0.12790697674418605
1 0.5437500000000001 0.7581395348837209 0.10312500000000001 0.17674418604651163
1 0.5476562500000001 0.6209302325581395 0.035937500000000004 0.046511627906976744
1 0.6101562500000001 0.6197674418604651 0.035937500000000004 0.053488372093023255
1 0.7093750000000001 0.7476744186046511 0.096875 0.16511627906976745
1 0.7828125 0.8662790697674418 0.2 0.2627906976744186
1 0.6742187500000001 0.6732558139534883 0.06406250000000001 0.09534883720930232
1 0.73046875 0.6337209302325582 0.0328125 0.05813953488372093
1 0.8382812500000001 0.6988372093023256 0.07968750000000001 0.1325581395348837
1 0.91328125 0.7116279069767442 0.0703125 0.13953488372093023
1 0.7140625 0.6011627906976744 0.021875000000000002 0.03953488372093023
1 0.78125 0.622093023255814 0.034375 0.053488372093023255
1 0.83203125 0.608139534883721 0.029687500000000002 0.044186046511627906
1 0.325 0.7744186046511627 0.11875000000000001 0.16744186046511628
1 0.34687500000000004 0.6511627906976745 0.040625 0.07906976744186046
1 0.18125000000000002 0.5476744186046512 0.015625 0.02558139534883721
1 0.5125000000000001 0.6395348837209303 0.034375 0.06046511627906977
0 0.95234375 0.5976744186046512 0.026562500000000003 0.037209302325581395
0 0.915625 0.6209302325581395 0.028125 0.04186046511627907
1 0.9390625 0.6453488372093024 0.05 0.06744186046511627
0 0.7453125 0.5965116279069768 0.018750000000000003 0.02558139534883721
0 0.66015625 0.6034883720930232 0.0234375 0.030232558139534883
0 0.790625 0.5906976744186047 0.018750000000000003 0.027906976744186046
0 0.8718750000000001 0.5930232558139534 0.015625 0.027906976744186046
1 0.85078125 0.5906976744186047 0.029687500000000002 0.037209302325581395
1 0.9906250000000001 0.6151162790697674 0.015625 0.04883720930232558
1 0.9296875 0.5883720930232558 0.018750000000000003 0.023255813953488372
1 0.9695312500000001 0.5988372093023255 0.0171875 0.03488372093023256