1 0.9325 0.46166666666666667 0.03 0.03666666666666667
1 0.44875 0.4866666666666667 0.0175 0.03333333333333333
1 0.43875000000000003 0.4766666666666667 0.0175 0.02666666666666667
1 0.3825 0.4866666666666667 0.02 0.03333333333333333
1 0.07625 0.49333333333333335 0.0175 0.02666666666666667
1 0.0225 0.4966666666666667 0.025 0.03333333333333333
1 0.0925 0.5033333333333334 0.015 0.02666666666666667
1 0.34 0.48833333333333334 0.02 0.030000000000000002
1 0.21 0.4966666666666667 0.02 0.03333333333333333
1 0.22875 0.5066666666666667 0.0225 0.03333333333333333
0 0.5175 0.49500000000000005 0.015 0.030000000000000002