1 0.9638554216867471 0.4098557692307693 0.03855421686746988 0.03605769230769231
1 0.7313253012048193 0.41105769230769235 0.03614457831325302 0.03365384615384616
1 0.6698795180722892 0.5120192307692308 0.04337349397590362 0.04807692307692308
1 0.6325301204819278 0.514423076923077 0.03614457831325302 0.038461538461538464
1 0.5638554216867471 0.484375 0.028915662650602414 0.03125
1 0.4228915662650603 0.47716346153846156 0.026506024096385545 0.03125
1 0.383132530120482 0.44591346153846156 0.01927710843373494 0.026442307692307696
1 0.28433734939759037 0.46274038461538464 0.03855421686746988 0.04567307692307693
1 0.1927710843373494 0.4879807692307693 0.04819277108433735 0.04326923076923077
1 0.1 0.4867788461538462 0.04096385542168675 0.04567307692307693
1 0.010843373493975905 0.4603365384615385 0.02168674698795181 0.040865384615384616