1 0.5096153846153847 0.022836538461538464 0.04807692307692308 0.04567307692307693
0 0.09134615384615385 0.41466346153846156 0.06730769230769232 0.06009615384615385
0 0.19230769230769232 0.421875 0.04807692307692308 0.06490384615384616
1 0.28125 0.41586538461538464 0.0625 0.08173076923076923
1 0.2776442307692308 0.3341346153846154 0.05048076923076923 0.057692307692307696
1 0.3894230769230769 0.33052884615384615 0.04326923076923077 0.05528846153846154
1 0.3966346153846154 0.42668269230769235 0.057692307692307696 0.07932692307692309
1 0.5120192307692308 0.3185096153846154 0.04807692307692308 0.07451923076923077
1 0.6213942307692308 0.32572115384615385 0.05528846153846154 0.06009615384615385
1 0.7247596153846154 0.3449519230769231 0.05048076923076923 0.06009615384615385
1 0.8329326923076924 0.34375 0.05048076923076923 0.07211538461538462
1 0.5192307692307693 0.41586538461538464 0.05288461538461539 0.07692307692307693
1 0.6526442307692308 0.4134615384615385 0.05528846153846154 0.07692307692307693
1 0.7632211538461539 0.41466346153846156 0.06009615384615385 0.07451923076923077
1 0.9014423076923077 0.3942307692307693 0.07211538461538462 0.08173076923076923