0 0.1978798586572438 0.34728033472803344 0.0447585394581861 0.08786610878661087
0 0.2979976442873969 0.23849372384937237 0.014134275618374558 0.02928870292887029
0 0.3156654888103651 0.2207112970711297 0.01177856301531213 0.02719665271966527
0 0.339811542991755 0.22698744769874474 0.015312131919905771 0.03138075313807531
0 0.3451118963486454 0.25941422594142255 0.016489988221436984 0.03347280334728033
0 0.3769140164899882 0.2196652719665272 0.016489988221436984 0.03347280334728033
0 0.38162544169611307 0.19874476987447698 0.01884570082449941 0.025104602510460247
0 0.4199057714958775 0.1820083682008368 0.015312131919905771 0.025104602510460247
0 0.43816254416961126 0.1903765690376569 0.014134275618374558 0.025104602510460247
0 0.4204946996466431 0.21443514644351463 0.016489988221436984 0.03138075313807531
0 0.45170789163722025 0.21861924686192466 0.017667844522968195 0.03138075313807531
0 0.4240282685512367 0.27824267782426776 0.02355712603062426 0.046025104602510455
0 0.46289752650176674 0.19769874476987445 0.014134275618374558 0.023012552301255228
0 0.45111896348645464 0.16841004184100417 0.014134275618374558 0.02719665271966527
0 0.4746760895170789 0.1694560669456067 0.014134275618374558 0.025104602510460247
0 0.49646643109540634 0.19769874476987445 0.015312131919905771 0.02719665271966527
0 0.5123674911660777 0.20920502092050208 0.016489988221436984 0.03765690376569037
0 0.467020023557126 0.1527196652719665 0.012956419316843343 0.025104602510460247
0 0.4817432273262662 0.13389121338912133 0.01177856301531213 0.025104602510460247
0 0.5200235571260305 0.14748953974895396 0.015312131919905771 0.03138075313807531
0 0.5400471142520612 0.16213389121338911 0.015312131919905771 0.03556485355648535
0 0.5653710247349822 0.17782426778242677 0.016489988221436984 0.03347280334728033
0 0.5724381625441696 0.15794979079497906 0.014134275618374558 0.02719665271966527
0 0.5518256772673733 0.1213389121338912 0.010600706713780918 0.025104602510460247
0 0.5818610129564192 0.10669456066945605 0.01177856301531213 0.02092050209205021
0 0.607773851590106 0.10355648535564853 0.009422850412249705 0.023012552301255228
0 0.6030624263839811 0.1213389121338912 0.01177856301531213 0.02092050209205021
0 0.6130742049469964 0.1412133891213389 0.015312131919905771 0.03138075313807531
0 0.6354534746760895 0.10041841004184099 0.010600706713780918 0.025104602510460247
0 0.6295641931684334 0.11401673640167363 0.010600706713780918 0.023012552301255228
0 0.6519434628975265 0.12447698744769874 0.015312131919905771 0.02719665271966527
0 0.6089517078916372 0.20606694560669453 0.01884570082449941 0.0397489539748954
0 0.5559481743227326 0.24895397489539747 0.021201413427561835 0.04184100418410042
0 0.5965842167255594 0.2615062761506276 0.020023557126030624 0.046025104602510455
0 0.53886925795053 0.305439330543933 0.024734982332155476 0.05439330543933054
0 0.48351001177856295 0.3075313807531381 0.0270906949352179 0.050209205020920494
0 0.597173144876325 0.3284518828451883 0.028268551236749116 0.05439330543933054
0 0.6542991755005889 0.2615062761506276 0.02237926972909305 0.04184100418410042
0 0.6666666666666666 0.3263598326359832 0.02355712603062426 0.06276150627615062
0 0.7084805653710247 0.2824267782426778 0.02237926972909305 0.050209205020920494
0 0.704946996466431 0.22489539748953974 0.02237926972909305 0.048117154811715475
0 0.6542991755005889 0.20397489539748953 0.020023557126030624 0.043933054393305436
0 0.6478209658421672 0.17573221757322174 0.016489988221436984 0.02928870292887029
0 0.6808009422850412 0.1014644351464435 0.014134275618374558 0.03556485355648535
0 0.7102473498233215 0.1412133891213389 0.014134275618374558 0.03138075313807531
0 0.6843345111896348 0.1799163179916318 0.016489988221436984 0.04184100418410042
0 0.7232037691401648 0.16422594142259414 0.014134275618374558 0.03138075313807531
0 0.7373380447585394 0.18933054393305437 0.01884570082449941 0.05230125523012552
0 0.737926972909305 0.14853556485355648 0.012956419316843343 0.02928870292887029
0 0.754416961130742 0.16527196652719664 0.015312131919905771 0.03765690376569037
0 0.7285041224970553 0.1213389121338912 0.012956419316843343 0.02928870292887029
0 0.7414605418138986 0.1119246861924686 0.012956419316843343 0.03138075313807531
0 0.7579505300353356 0.13284518828451883 0.012956419316843343 0.03138075313807531
0 0.7885747938751472 0.13598326359832635 0.010600706713780918 0.03347280334728033
0 0.8003533568904593 0.13493723849372383 0.010600706713780918 0.03138075313807531
0 0.7885747938751472 0.17573221757322174 0.015312131919905771 0.046025104602510455
0 0.8121319199057714 0.1715481171548117 0.012956419316843343 0.03347280334728033
0 0.8209658421672555 0.1422594142259414 0.01177856301531213 0.03347280334728033
0 0.8409893992932862 0.15585774058577404 0.014134275618374558 0.03556485355648535
0 0.8527679623085983 0.13807531380753138 0.009422850412249705 0.02092050209205021
0 0.856301531213192 0.151673640167364 0.014134275618374558 0.03138075313807531
0 0.8804475853945818 0.1631799163179916 0.012956419316843343 0.02928870292887029
0 0.8910482921083627 0.13807531380753138 0.010600706713780918 0.02928870292887029
0 0.9181389870435807 0.15794979079497906 0.012956419316843343 0.03556485355648535
0 0.8745583038869257 0.19351464435146443 0.017667844522968195 0.03556485355648535
0 0.9087161366313309 0.202928870292887 0.017667844522968195 0.04184100418410042
0 0.8327444051825676 0.1903765690376569 0.014134275618374558 0.03347280334728033
0 0.8592461719670199 0.2301255230125523 0.020023557126030624 0.046025104602510455
0 0.9034157832744405 0.2813807531380753 0.021201413427561835 0.05648535564853556
0 0.7597173144876325 0.28765690376569036 0.02355712603062426 0.05648535564853556