1 0.258 0.2681818181818182 0.044 0.11818181818181818
1 0.324 0.26136363636363635 0.04 0.11363636363636363
1 0.38 0.5159090909090909 0.04 0.11363636363636363
1 0.468 0.4886363636363636 0.04 0.11363636363636363
1 0.539 0.4795454545454545 0.042 0.11363636363636363
1 0.393 0.2636363636363636 0.038 0.10909090909090909
1 0.454 0.26136363636363635 0.036000000000000004 0.11363636363636363
1 0.542 0.24318181818181817 0.04 0.11363636363636363
1 0.611 0.2659090909090909 0.038 0.12272727272727273
1 0.667 0.22045454545454543 0.034 0.09545454545454544
1 0.755 0.18863636363636363 0.038 0.10454545454545454
0 0.176 0.5568181818181818 0.044 0.12272727272727273
0 0.069 0.2681818181818182 0.042 0.11818181818181818
0 0.17500000000000002 0.2909090909090909 0.042 0.11818181818181818
0 0.834 0.20227272727272727 0.036000000000000004 0.09545454545454544
0 0.921 0.18636363636363634 0.038 0.10909090909090909