0 0.7415865384615385 0.3497596153846154 0.14182692307692307 0.18990384615384617
1 0.6141826923076923 0.41947115384615385 0.11778846153846155 0.17548076923076925
1 0.5036057692307693 0.3894230769230769 0.11298076923076923 0.14903846153846154
0 0.4050480769230769 0.39543269230769235 0.06490384615384616 0.07451923076923077
0 0.31490384615384615 0.375 0.08653846153846154 0.09134615384615385
0 0.24759615384615385 0.3737980769230769 0.0625 0.07932692307692309
0 0.9423076923076924 0.4675480769230769 0.08653846153846154 0.09375
0 0.9098557692307693 0.4122596153846154 0.05528846153846154 0.05048076923076923
1 0.20793269230769232 0.4050480769230769 0.040865384615384616 0.040865384615384616
0 0.10576923076923078 0.4050480769230769 0.02403846153846154 0.03125
0 0.15384615384615385 0.4086538461538462 0.019230769230769232 0.02403846153846154
0 0.17307692307692307 0.41105769230769235 0.019230769230769232 0.019230769230769232