1 0.195 0.4009433962264151 0.33 0.5880503144654088
1 0.709 0.7311320754716981 0.27 0.4559748427672956
1 0.463 0.6100628930817611 0.022 0.03773584905660378
1 0.291 0.6257861635220127 0.022 0.03773584905660378
1 0.458 0.5644654088050315 0.016 0.03459119496855346
1 0.464 0.5031446540880503 0.016 0.031446540880503145
1 0.545 0.5990566037735849 0.018000000000000002 0.03459119496855346
1 0.588 0.5251572327044025 0.016 0.031446540880503145
1 0.588 0.5927672955974843 0.016 0.03459119496855346
1 0.643 0.4889937106918239 0.018000000000000002 0.03459119496855346
1 0.911 0.6477987421383649 0.022 0.050314465408805034
1 0.539 0.5455974842767296 0.018000000000000002 0.03459119496855346
0 0.577 0.6430817610062893 0.022 0.04088050314465409
0 0.524 0.6226415094339623 0.02 0.031446540880503145
0 0.8300000000000001 0.4009433962264151 0.016 0.03459119496855346
0 0.873 0.37421383647798745 0.018000000000000002 0.031446540880503145
0 0.85 0.39622641509433965 0.016 0.031446540880503145
0 0.886 0.6352201257861636 0.024 0.03773584905660378
0 0.864 0.5927672955974843 0.02 0.03459119496855346
0 0.555 0.6352201257861636 0.018000000000000002 0.031446540880503145
0 0.501 0.7216981132075472 0.08600000000000001 0.14779874213836477
0 0.439 0.8364779874213837 0.17 0.2138364779874214
0 0.872 0.7830188679245284 0.136 0.24528301886792453
0 0.4 0.6037735849056605 0.016 0.031446540880503145
0 0.426 0.5911949685534591 0.016 0.031446540880503145
0 0.455 0.5880503144654088 0.018000000000000002 0.031446540880503145
0 0.332 0.5125786163522013 0.016 0.031446540880503145
0 0.55 0.49056603773584906 0.012 0.025157232704402517