0 0.9807692307692308 0.4060240963855422 0.009615384615384616 0.012048192771084338
0 0.7584134615384616 0.4072289156626506 0.03605769230769231 0.04337349397590362
0 0.7199519230769231 0.4072289156626506 0.040865384615384616 0.05301204819277109
0 0.6634615384615385 0.41445783132530123 0.028846153846153848 0.03855421686746988
0 0.6129807692307693 0.4120481927710844 0.038461538461538464 0.04337349397590362
0 0.5564903846153847 0.3987951807228916 0.03605769230769231 0.045783132530120486
0 0.45793269230769235 0.4012048192771085 0.026442307692307696 0.03614457831325302
0 0.43149038461538464 0.4060240963855422 0.03125 0.03614457831325302
0 0.29086538461538464 0.4132530120481928 0.03365384615384616 0.04096385542168675
0 0.3401442307692308 0.4204819277108434 0.026442307692307696 0.03614457831325302
0 0.36778846153846156 0.4108433734939759 0.02403846153846154 0.03132530120481928