1 0.19433962264150945 0.31099656357388317 0.07169811320754717 0.16151202749140894
1 0.2509433962264151 0.3006872852233677 0.04905660377358491 0.16151202749140894
1 0.28867924528301886 0.23539518900343642 0.03018867924528302 0.058419243986254296
1 0.2971698113207547 0.28865979381443296 0.024528301886792454 0.061855670103092786
1 0.34150943396226413 0.30412371134020616 0.03018867924528302 0.058419243986254296
1 0.3424528301886792 0.2646048109965636 0.02830188679245283 0.04810996563573883
1 0.35 0.23195876288659795 0.024528301886792454 0.044673539518900345
1 0.4 0.3213058419243986 0.03773584905660377 0.06529209621993128
1 0.44056603773584907 0.29381443298969073 0.02830188679245283 0.06529209621993128
1 0.469811320754717 0.29553264604810997 0.033962264150943396 0.06872852233676977
1 0.4386792452830189 0.23195876288659795 0.03207547169811321 0.058419243986254296
1 0.4707547169811321 0.22164948453608246 0.03207547169811321 0.06529209621993128
1 0.5113207547169811 0.2697594501718213 0.033962264150943396 0.058419243986254296
1 0.5415094339622641 0.3006872852233677 0.03018867924528302 0.058419243986254296
1 0.5707547169811321 0.30412371134020616 0.03207547169811321 0.06529209621993128
1 0.5349056603773585 0.24398625429553264 0.03207547169811321 0.061855670103092786
1 0.5830188679245283 0.23195876288659795 0.033962264150943396 0.058419243986254296
1 0.6320754716981132 0.281786941580756 0.033962264150943396 0.06872852233676977
1 0.6726415094339623 0.2611683848797251 0.024528301886792454 0.061855670103092786
1 0.6952830188679245 0.23367697594501718 0.024528301886792454 0.054982817869415807
1 0.719811320754717 0.2611683848797251 0.02830188679245283 0.061855670103092786
1 0.739622641509434 0.2663230240549828 0.022641509433962266 0.058419243986254296
1 0.7622641509433963 0.23539518900343642 0.033962264150943396 0.07216494845360824
1 0.8245283018867925 0.25773195876288657 0.03773584905660377 0.06872852233676977
1 0.8594339622641509 0.22852233676975944 0.03207547169811321 0.058419243986254296
1 0.8952830188679245 0.27319587628865977 0.035849056603773584 0.05154639175257732
1 0.9424528301886792 0.2268041237113402 0.03207547169811321 0.06872852233676977
1 0.14339622641509434 0.2903780068728522 0.03018867924528302 0.058419243986254296
1 0.16037735849056603 0.2233676975945017 0.03018867924528302 0.054982817869415807
1 0.07830188679245283 0.26288659793814434 0.024528301886792454 0.058419243986254296
1 0.09528301886792453 0.25773195876288657 0.02830188679245283 0.054982817869415807
1 0.04245283018867924 0.24054982817869416 0.03207547169811321 0.061855670103092786