0 0.6686746987951808 0.6466346153846154 0.03614457831325302 0.04326923076923077
0 0.4024096385542169 0.7067307692307693 0.04819277108433735 0.04326923076923077
0 0.45783132530120485 0.6995192307692308 0.03855421686746988 0.02403846153846154
0 0.47228915662650606 0.8088942307692308 0.04337349397590362 0.05048076923076923
0 0.5156626506024097 0.826923076923077 0.04337349397590362 0.05288461538461539
0 0.5397590361445783 0.9302884615384616 0.06265060240963856 0.06730769230769232
0 0.6216867469879519 0.7860576923076924 0.05301204819277109 0.05288461538461539
0 0.6409638554216868 0.842548076923077 0.05301204819277109 0.06009615384615385
0 0.7216867469879519 0.9699519230769231 0.0891566265060241 0.05528846153846154
0 0.7963855421686747 0.9338942307692308 0.06987951807228916 0.07932692307692309
0 0.9156626506024097 0.9375 0.06746987951807229 0.07211538461538462
0 0.9734939759036145 0.9663461538461539 0.04819277108433735 0.05288461538461539
1 0.4240963855421687 0.640625 0.03855421686746988 0.03605769230769231
1 0.6301204819277109 0.6742788461538461 0.045783132530120486 0.04567307692307693
1 0.5168674698795181 0.7283653846153847 0.055421686746987955 0.057692307692307696