1 0.8185096153846154 0.2493975903614458 0.18509615384615385 0.17590361445783134
0 0.9338942307692308 0.27710843373493976 0.040865384615384616 0.05301204819277109
0 0.9350961538461539 0.051807228915662654 0.04326923076923077 0.050602409638554224
0 0.7091346153846154 0.05301204819277109 0.038461538461538464 0.06265060240963856
0 0.6622596153846154 0.050602409638554224 0.07932692307692309 0.0819277108433735
0 0.5853365384615385 0.06024096385542169 0.05048076923076923 0.06746987951807229
0 0.49759615384615385 0.05662650602409639 0.11538461538461539 0.11325301204819278
0 0.4326923076923077 0.0746987951807229 0.07211538461538462 0.0963855421686747
0 0.1466346153846154 0.03975903614457832 0.09615384615384616 0.07951807228915664
0 0.078125 0.05301204819277109 0.05048076923076923 0.07710843373493977
0 0.6622596153846154 0.27710843373493976 0.07451923076923077 0.08674698795180724
0 0.5877403846153847 0.26506024096385544 0.05528846153846154 0.05783132530120483
0 0.4987980769230769 0.27108433734939763 0.12259615384615385 0.11325301204819278
0 0.4338942307692308 0.2530120481927711 0.07451923076923077 0.08674698795180724
0 0.14543269230769232 0.2987951807228916 0.09855769230769232 0.11084337349397591
0 0.08293269230769232 0.27590361445783135 0.06490384615384616 0.07951807228915664
1 0.8209134615384616 0.08433734939759037 0.18509615384615385 0.16867469879518074