1 0.6281818181818182 0.29551630434782605 0.12363636363636364 0.2214673913043478
1 0.7654545454545455 0.250679347826087 0.18727272727272729 0.2921195652173913
1 0.9018181818181819 0.30027173913043476 0.11636363636363636 0.22826086956521738
1 0.9877272727272727 0.2866847826086956 0.022727272727272728 0.12228260869565218
1 0.475 0.296875 0.04090909090909091 0.06114130434782609
1 0.3795454545454545 0.3091032608695652 0.04454545454545455 0.0638586956521739
1 0.3004545454545455 0.29891304347826086 0.022727272727272728 0.03804347826086957
1 0.2736363636363636 0.30434782608695654 0.02909090909090909 0.057065217391304345
1 0.24227272727272728 0.3125 0.03363636363636364 0.06793478260869565
1 0.4168181818181818 0.30842391304347827 0.019090909090909092 0.03260869565217391
1 0.3990909090909091 0.297554347826087 0.02 0.043478260869565216
1 0.3668181818181818 0.28532608695652173 0.035454545454545454 0.05434782608695652
0 0.1318181818181818 0.2547554347826087 0.1618181818181818 0.3247282608695652