1 0.6045673076923077 0.375 0.10336538461538462 0.11057692307692309
0 0.5036057692307693 0.3978365384615385 0.03125 0.03605769230769231
1 0.6935096153846154 0.4074519230769231 0.026442307692307696 0.03125
1 0.7199519230769231 0.4206730769230769 0.03125 0.038461538461538464
1 0.7704326923076924 0.39903846153846156 0.05048076923076923 0.0625
1 0.8521634615384616 0.4254807692307693 0.05528846153846154 0.07692307692307693
1 0.9266826923076924 0.42307692307692313 0.021634615384615384 0.02403846153846154
1 0.9615384615384616 0.3894230769230769 0.04326923076923077 0.10096153846153846
1 0.38341346153846156 0.45072115384615385 0.06971153846153846 0.1466346153846154
1 0.14783653846153846 0.4242788461538462 0.07932692307692309 0.10336538461538462
1 0.09254807692307693 0.41947115384615385 0.05528846153846154 0.07451923076923077
1 0.7692307692307693 0.03365384615384616 0.057692307692307696 0.0625
1 0.7211538461538461 0.015625 0.03365384615384616 0.03125
1 0.6911057692307693 0.02764423076923077 0.03125 0.03125
1 0.6057692307692308 0.056490384615384616 0.10576923076923078 0.11298076923076923