1 0.4152854511970534 0.5289256198347108 0.034990791896869246 0.05509641873278237
1 0.7302025782688767 0.5606060606060607 0.0423572744014733 0.06336088154269973
0 0.35451197053407 0.5068870523415978 0.034990791896869246 0.06060606060606061
0 0.1279926335174954 0.5922865013774105 0.03867403314917127 0.05509641873278237
0 0.04972375690607735 0.578512396694215 0.03683241252302026 0.06060606060606061
0 0.02394106813996317 0.5110192837465565 0.04788213627992634 0.09090909090909091
0 0.21915285451197053 0.5454545454545454 0.058931860036832415 0.09366391184573003
0 0.4244935543278085 0.5606060606060607 0.03867403314917127 0.05785123966942149
0 0.5174953959484346 0.5440771349862259 0.02578268876611418 0.046831955922865015
1 0.5441988950276243 0.5633608815426997 0.034990791896869246 0.05234159779614325
0 0.6841620626151013 0.5385674931129477 0.04604051565377532 0.06336088154269973
0 0.7182320441988951 0.5206611570247934 0.022099447513812154 0.03856749311294766
0 0.6077348066298343 0.5385674931129477 0.029465930018416207 0.05785123966942149
0 0.7790055248618785 0.5371900826446281 0.05156537753222836 0.07713498622589532
0 0.848987108655617 0.5289256198347108 0.03683241252302026 0.06060606060606061
0 0.921731123388582 0.568870523415978 0.04604051565377532 0.06336088154269973