0 0.04326923076923077 0.43028846153846156 0.019230769230769232 0.02403846153846154
0 0.15745192307692307 0.4375 0.007211538461538462 0.009615384615384616
0 0.1670673076923077 0.4447115384615385 0.007211538461538462 0.009615384615384616
0 0.09615384615384616 0.44711538461538464 0.0625 0.07211538461538462
0 0.2139423076923077 0.4447115384615385 0.04326923076923077 0.04326923076923077
0 0.2692307692307693 0.4495192307692308 0.04807692307692308 0.0625
0 0.33293269230769235 0.42668269230769235 0.040865384615384616 0.06009615384615385
0 0.36418269230769235 0.4375 0.08413461538461539 0.09134615384615385
0 0.4050480769230769 0.4074519230769231 0.05528846153846154 0.06971153846153846
0 0.4555288461538462 0.43870192307692313 0.04567307692307693 0.040865384615384616
0 0.7355769230769231 0.42307692307692313 0.019230769230769232 0.019230769230769232
0 0.8377403846153847 0.42307692307692313 0.01682692307692308 0.02403846153846154
0 0.6538461538461539 0.4290865384615385 0.04807692307692308 0.06009615384615385
0 0.7752403846153847 0.4338942307692308 0.05528846153846154 0.07451923076923077
0 0.9699519230769231 0.4134615384615385 0.05528846153846154 0.10576923076923078