0 0.1859756097560976 0.37881508078994613 0.04065040650406505 0.07540394973070018
0 0.296239837398374 0.2154398563734291 0.015243902439024392 0.03590664272890485
0 0.30538617886178865 0.23788150807899464 0.017276422764227643 0.03770197486535009
0 0.3221544715447155 0.24326750448833034 0.01829268292682927 0.04129263913824058
0 0.34502032520325204 0.24775583482944347 0.017276422764227643 0.03590664272890485
0 0.3531504065040651 0.20197486535008977 0.017276422764227643 0.03411131059245961
0 0.34146341463414637 0.1822262118491921 0.012195121951219513 0.02333931777378815
0 0.3775406504065041 0.1992818671454219 0.017276422764227643 0.03231597845601436
0 0.3790650406504065 0.24236983842010773 0.01829268292682927 0.03590664272890485
0 0.4120934959349594 0.24057450628366248 0.019308943089430895 0.03590664272890485
0 0.4126016260162602 0.1903052064631957 0.012195121951219513 0.02872531418312388
0 0.413109756097561 0.15888689407540396 0.011178861788617888 0.02333931777378815
0 0.4395325203252033 0.16606822262118492 0.015243902439024392 0.03411131059245961
0 0.46595528455284557 0.1696588868940754 0.015243902439024392 0.03411131059245961
0 0.4679878048780488 0.14721723518850988 0.015243902439024392 0.025134649910233394
0 0.4867886178861789 0.144524236983842 0.014227642276422765 0.026929982046678638
0 0.48526422764227645 0.1696588868940754 0.015243902439024392 0.03411131059245961
0 0.48373983739837406 0.21364452423698385 0.014227642276422765 0.03949730700179534
0 0.45071138211382117 0.22082585278276481 0.017276422764227643 0.02872531418312388
0 0.4964430894308944 0.1319569120287253 0.013211382113821139 0.02333931777378815
0 0.524390243902439 0.13375224416517056 0.014227642276422765 0.03052064631956912
0 0.5045731707317074 0.17145421903052066 0.013211382113821139 0.026929982046678638
0 0.5228658536585367 0.1696588868940754 0.015243902439024392 0.03052064631956912
0 0.529979674796748 0.17863554757630162 0.015243902439024392 0.03052064631956912
0 0.49288617886178865 0.28096947935368044 0.022357723577235776 0.04847396768402155
0 0.5467479674796748 0.2800718132854578 0.024390243902439025 0.053859964093357277
0 0.5640243902439025 0.24685816876122083 0.022357723577235776 0.04847396768402155
0 0.5940040650406505 0.32854578096947934 0.027439024390243906 0.053859964093357277
0 0.6214430894308943 0.24326750448833034 0.0233739837398374 0.04847396768402155
0 0.6316056910569107 0.21454219030520646 0.019308943089430895 0.03411131059245961
0 0.622459349593496 0.14901256732495513 0.011178861788617888 0.025134649910233394
0 0.5894308943089431 0.17414721723518853 0.014227642276422765 0.02872531418312388
0 0.5548780487804879 0.1822262118491921 0.014227642276422765 0.03052064631956912
0 0.5528455284552846 0.1606822262118492 0.014227642276422765 0.026929982046678638
0 0.5691056910569107 0.151705565529623 0.012195121951219513 0.02333931777378815
0 0.5487804878048781 0.144524236983842 0.012195121951219513 0.01974865350089767
0 0.5553861788617886 0.12926391382405744 0.015243902439024392 0.025134649910233394
0 0.5863821138211383 0.12118491921005387 0.014227642276422765 0.03411131059245961
0 0.6056910569105691 0.12477558348294435 0.014227642276422765 0.03052064631956912
0 0.6234756097560976 0.1229802513464991 0.011178861788617888 0.026929982046678638
0 0.6321138211382115 0.1095152603231598 0.012195121951219513 0.025134649910233394
0 0.666158536585366 0.1059245960502693 0.011178861788617888 0.025134649910233394
0 0.6580284552845529 0.1355475763016158 0.013211382113821139 0.02333931777378815
0 0.6910569105691058 0.12118491921005387 0.012195121951219513 0.02333931777378815
0 0.6946138211382115 0.10502692998204669 0.009146341463414635 0.01974865350089767
0 0.7184959349593497 0.10502692998204669 0.010162601626016262 0.01974865350089767
0 0.6666666666666667 0.17953321364452424 0.014227642276422765 0.02872531418312388
0 0.693089430894309 0.1992818671454219 0.020325203252032523 0.02872531418312388
0 0.7032520325203253 0.1732495511669659 0.012195121951219513 0.02333931777378815
0 0.7505081300813009 0.13644524236983843 0.013211382113821139 0.03231597845601436
0 0.6747967479674798 0.26929982046678635 0.022357723577235776 0.05026929982046679
0 0.6986788617886179 0.3087971274685817 0.027439024390243906 0.053859964093357277
0 0.7296747967479675 0.29802513464991026 0.022357723577235776 0.0466786355475763
0 0.7479674796747968 0.388689407540395 0.02845528455284553 0.07001795332136446
0 0.7820121951219513 0.30700179533213645 0.021341463414634148 0.053859964093357277
0 0.7677845528455285 0.23070017953321365 0.019308943089430895 0.03770197486535009
0 0.7362804878048781 0.2199281867145422 0.019308943089430895 0.03411131059245961
0 0.7576219512195123 0.19569120287253142 0.015243902439024392 0.03231597845601436
0 0.7347560975609757 0.19299820466786355 0.016260162601626018 0.026929982046678638
0 0.7926829268292683 0.14183123877917414 0.012195121951219513 0.02872531418312388
0 0.7997967479674798 0.16337522441651706 0.014227642276422765 0.03590664272890485
0 0.8053861788617886 0.21364452423698385 0.015243902439024392 0.03231597845601436
0 0.8074186991869919 0.2540394973070018 0.019308943089430895 0.04847396768402155
0 0.8551829268292683 0.2917414721723519 0.021341463414634148 0.05206463195691203
0 0.821138211382114 0.4129263913824058 0.026422764227642278 0.06822262118491922
0 0.8729674796747968 0.25942549371633755 0.01829268292682927 0.04129263913824058
0 0.8816056910569107 0.22980251346499103 0.017276422764227643 0.03949730700179534
0 0.9308943089430896 0.21723518850987433 0.016260162601626018 0.04308797127468582
0 0.9273373983739839 0.2881508078994614 0.019308943089430895 0.04129263913824058
0 0.926829268292683 0.33303411131059246 0.022357723577235776 0.05565529622980252
0 0.9044715447154472 0.41202872531418316 0.032520325203252036 0.07360861759425494