0 0.07545164718384696 0.27281368821292773 0.023379383634431455 0.051330798479087454
0 0.2757704569606801 0.217680608365019 0.01594048884165781 0.03612167300380228
0 0.3092454835281615 0.21673003802281368 0.01700318809776833 0.034220532319391636
0 0.32571732199787456 0.17870722433460076 0.01594048884165781 0.03802281368821293
0 0.3283740701381509 0.22053231939163498 0.01700318809776833 0.034220532319391636
0 0.34856535600425076 0.18916349809885932 0.01700318809776833 0.028517110266159697
0 0.346971307120085 0.22053231939163498 0.018065887353878853 0.03802281368821293
0 0.3708820403825717 0.19011406844106463 0.01487778958554729 0.030418250950570342
0 0.3687566418703507 0.23288973384030418 0.01912858660998937 0.039923954372623575
0 0.37672688629117956 0.16254752851711027 0.013815090329436768 0.024714828897338403
0 0.3910733262486716 0.19296577946768062 0.01700318809776833 0.03612167300380228
0 0.3974495217853347 0.16254752851711027 0.01487778958554729 0.039923954372623575
0 0.4192348565356004 0.1482889733840304 0.013815090329436768 0.026615969581749048
0 0.4378320935175345 0.15684410646387834 0.012752391073326248 0.028517110266159697
0 0.4155154091392136 0.19106463878326996 0.01700318809776833 0.03231939163498099
0 0.4006376195536663 0.2300380228136882 0.01912858660998937 0.04182509505703422
0 0.43730074388947926 0.24334600760456274 0.020191285866099893 0.04182509505703422
0 0.44261424017003187 0.18726235741444866 0.01594048884165781 0.03231939163498099
0 0.4553666312433581 0.2005703422053232 0.018065887353878853 0.043726235741444866
0 0.47768331562167904 0.1435361216730038 0.011689691817215728 0.03231939163498099
0 0.4835281615302869 0.13022813688212928 0.012752391073326248 0.024714828897338403
0 0.4893730074388948 0.15019011406844107 0.011689691817215728 0.030418250950570342
0 0.49681190223166843 0.12357414448669202 0.011689691817215728 0.030418250950570342
0 0.5047821466524973 0.14258555133079848 0.01487778958554729 0.034220532319391636
0 0.49628055260361315 0.17395437262357413 0.01487778958554729 0.03612167300380228
0 0.5207226354941551 0.16920152091254753 0.01487778958554729 0.030418250950570342
0 0.5159404888416578 0.12547528517110265 0.013815090329436768 0.022813688212927757
0 0.5324123273113709 0.15019011406844107 0.01487778958554729 0.030418250950570342
0 0.5456960680127524 0.11311787072243346 0.013815090329436768 0.028517110266159697
0 0.5456960680127524 0.12927756653992395 0.013815090329436768 0.030418250950570342
0 0.5589798087141339 0.15019011406844107 0.01700318809776833 0.030418250950570342
0 0.5536663124335812 0.1806083650190114 0.01700318809776833 0.03802281368821293
0 0.5696068012752391 0.1311787072243346 0.01487778958554729 0.030418250950570342
0 0.5913921360255048 0.14543726235741444 0.013815090329436768 0.028517110266159697
0 0.6004250797024442 0.15304182509505704 0.012752391073326248 0.03231939163498099
0 0.5871413390010627 0.13022813688212928 0.01594048884165781 0.024714828897338403
0 0.6004250797024442 0.11596958174904944 0.008501594048884165 0.022813688212927757
0 0.6083953241232731 0.11977186311787072 0.013815090329436768 0.034220532319391636
0 0.618490967056323 0.12357414448669202 0.012752391073326248 0.030418250950570342
0 0.6349628055260361 0.11026615969581749 0.011689691817215728 0.026615969581749048
0 0.6514346439957491 0.10266159695817491 0.008501594048884165 0.022813688212927757
0 0.6599362380446333 0.11406844106463879 0.012752391073326248 0.030418250950570342
0 0.6790648246546227 0.10361216730038023 0.012752391073326248 0.028517110266159697
0 0.7008501594048884 0.10551330798479087 0.013815090329436768 0.028517110266159697
0 0.6753453772582358 0.12737642585551331 0.013815090329436768 0.030418250950570342
0 0.6365568544102018 0.1482889733840304 0.01487778958554729 0.030418250950570342
0 0.7550478214665249 0.12737642585551331 0.013815090329436768 0.034220532319391636
0 0.7763018065887354 0.12262357414448669 0.011689691817215728 0.017110266159695818
0 0.7821466524973432 0.13498098859315588 0.012752391073326248 0.022813688212927757
0 0.7986184909670563 0.1311787072243346 0.013815090329436768 0.022813688212927757
0 0.8188097768331561 0.1397338403041825 0.011689691817215728 0.028517110266159697
0 0.8342189160467587 0.15114068441064638 0.01487778958554729 0.028517110266159697
0 0.849096705632306 0.1473384030418251 0.010626992561105206 0.024714828897338403
0 0.8687566418703506 0.1606463878326996 0.013815090329436768 0.03612167300380228
0 0.9054197662061636 0.14258555133079848 0.012752391073326248 0.034220532319391636
0 0.941020191285866 0.18346007604562736 0.013815090329436768 0.024714828897338403
0 0.9420828905419766 0.23479087452471484 0.01594048884165781 0.03612167300380228
0 0.9176408076514346 0.25380228136882127 0.018065887353878853 0.039923954372623575
0 0.9086078639744951 0.3127376425855513 0.025504782146652496 0.06273764258555133
0 0.8825717321997875 0.22433460076045628 0.018065887353878853 0.045627376425855515
0 0.8931987247608926 0.19961977186311786 0.01594048884165781 0.04182509505703422
0 0.8251859723698193 0.1682509505703422 0.013815090329436768 0.03612167300380228
0 0.7895855472901169 0.16159695817490494 0.012752391073326248 0.026615969581749048
0 0.7290116896918172 0.14068441064638784 0.01487778958554729 0.030418250950570342
0 0.7316684378320935 0.16634980988593157 0.01594048884165781 0.03612167300380228
0 0.7125398512221041 0.18250950570342206 0.01594048884165781 0.04182509505703422
0 0.6599362380446333 0.17775665399239543 0.01487778958554729 0.03612167300380228
0 0.6174282678002125 0.2005703422053232 0.01912858660998937 0.043726235741444866
0 0.5871413390010627 0.22338403041825095 0.018065887353878853 0.039923954372623575
0 0.6354941551540914 0.24714828897338403 0.027630180658873536 0.049429657794676805
0 0.6769394261424017 0.217680608365019 0.01700318809776833 0.039923954372623575
0 0.6854410201912858 0.25380228136882127 0.02125398512221041 0.04752851711026616
0 0.6907545164718384 0.30798479087452474 0.03188097768331562 0.06463878326996197
0 0.7438894792773645 0.37927756653992395 0.03188097768331562 0.06273764258555133
0 0.7890541976620616 0.2870722433460076 0.022316684378320933 0.057034220532319393
0 0.7656748140276302 0.23954372623574144 0.020191285866099893 0.049429657794676805
0 0.7284803400637619 0.2300380228136882 0.020191285866099893 0.045627376425855515
0 0.7497343251859723 0.19106463878326996 0.01594048884165781 0.03612167300380228
0 0.793836344314559 0.19866920152091255 0.01912858660998937 0.03612167300380228
0 0.8161530286928799 0.1967680608365019 0.01700318809776833 0.028517110266159697
0 0.8358129649309245 0.21197718631178708 0.018065887353878853 0.039923954372623575
0 0.8496280552603612 0.21007604562737642 0.013815090329436768 0.03231939163498099
0 0.8618490967056323 0.17680608365019013 0.01487778958554729 0.03802281368821293
0 0.8230605738575982 0.2576045627376426 0.022316684378320933 0.051330798479087454